Tiempo inicio del ensayo: 2020-09-09 11:48:08.641495
LWC (g/m3)=0.92
MVD (um)=40
FBG1	FBG2	FBG3	FBG4	FBG5	FBG6	FBG7	FBG8	FBG9	FBG10	FBG11	FBG12	FBG13	FBG14	FBG15	FBG16	Tiempo (s)
-5.04	-4.79	-4.74	-5.16	-5.36	-5.49	-4.92	-4.59	-5.19	-5.06	-5.01	-5.39	-5.3	-5.41	-5.11	-5.27	0.1	
-4.91	-4.83	-4.82	-5.26	-5.4	-5.06	-4.92	-4.38	-5.12	-4.98	-5.01	-5.08	-5.24	-5.29	-5.18	-5.35	0.5	
-5.12	-4.89	-4.84	-5.04	-5.4	-5.2	-4.88	-4.55	-5.0	-4.92	-4.8	-5.14	-5.3	-5.08	-5.22	-5.23	0.6	
-5.08	-4.89	-4.53	-4.98	-5.4	-5.34	-4.81	-4.69	-4.96	-4.82	-4.8	-5.1	-5.18	-5.14	-5.18	-5.19	0.7	
-5.22	-4.83	-4.94	-5.14	-5.32	-5.43	-4.86	-4.59	-5.02	-4.96	-4.97	-4.98	-5.24	-5.04	-5.14	-5.44	1.0	
-4.89	-4.85	-4.76	-5.26	-5.32	-5.37	-4.86	-4.65	-5.12	-4.8	-4.8	-4.98	-5.24	-5.02	-5.22	-5.23	1.1	
-5.1	-4.93	-4.61	-4.98	-5.4	-5.18	-4.86	-4.46	-4.98	-5.08	-4.82	-5.29	-5.2	-5.14	-5.2	-5.23	1.2	
-4.91	-4.87	-4.67	-5.08	-5.44	-5.18	-4.94	-4.69	-5.21	-4.88	-4.95	-4.82	-5.24	-5.12	-5.22	-5.48	1.3	
-5.14	-4.89	-4.76	-5.12	-5.38	-5.49	-4.92	-4.36	-5.02	-4.78	-4.95	-5.12	-5.18	-5.18	-5.12	-5.1	1.4	
-5.14	-4.87	-4.67	-5.14	-5.3	-5.24	-4.82	-4.4	-5.21	-4.84	-5.09	-4.92	-5.3	-5.06	-5.18	-5.31	1.5	
-4.79	-4.91	-4.61	-5.33	-5.42	-5.43	-4.88	-4.53	-5.21	-4.98	-4.87	-5.02	-5.24	-5.18	-5.2	-5.33	1.6	
-5.14	-4.89	-4.74	-5.31	-5.38	-5.37	-4.86	-4.59	-5.06	-5.04	-4.93	-5.02	-5.24	-5.08	-5.28	-5.5	1.7	
-5.12	-4.73	-4.71	-5.12	-5.32	-5.34	-4.86	-4.59	-4.87	-5.24	-4.99	-4.94	-5.24	-4.92	-5.16	-5.04	1.8	
-5.02	-4.83	-4.76	-4.98	-5.3	-5.43	-4.81	-4.69	-5.14	-4.84	-4.93	-5.04	-5.3	-5.1	-5.18	-5.37	1.9	
-4.89	-4.89	-4.69	-5.18	-5.4	-5.43	-4.88	-4.46	-5.0	-4.88	-4.93	-4.98	-5.24	-5.14	-5.24	-5.41	2.0	
-4.93	-4.89	-4.65	-5.22	-5.38	-5.24	-4.88	-4.65	-5.0	-4.96	-4.93	-5.08	-5.24	-5.31	-5.18	-5.31	2.1	
-4.91	-4.83	-4.84	-5.1	-5.36	-5.32	-4.92	-4.48	-5.21	-5.02	-4.87	-4.92	-5.24	-5.18	-5.18	-5.14	2.5	
-5.01	-4.95	-4.71	-5.22	-5.4	-5.2	-4.92	-4.55	-5.02	-4.9	-4.87	-5.17	-5.14	-5.22	-5.18	-5.08	2.6	
-4.99	-4.93	-4.67	-5.31	-5.4	-5.39	-4.88	-4.67	-4.94	-4.8	-4.78	-5.12	-5.18	-5.24	-5.2	-5.31	2.7	
-4.89	-4.89	-4.67	-4.98	-5.42	-5.24	-4.81	-4.72	-5.06	-4.86	-4.76	-5.0	-5.24	-5.0	-5.18	-5.25	3.0	
-4.97	-4.85	-4.92	-5.06	-5.32	-5.26	-4.88	-4.59	-5.23	-5.1	-4.99	-5.0	-5.3	-5.06	-5.14	-5.08	3.1	
-5.04	-4.89	-4.8	-5.24	-5.28	-5.24	-4.81	-4.38	-5.14	-4.92	-4.82	-5.0	-5.14	-4.96	-5.3	-4.96	3.2	
-4.89	-4.89	-4.67	-5.3	-5.34	-5.26	-4.92	-4.57	-5.06	-4.94	-5.03	-4.96	-5.24	-5.16	-5.11	-5.35	3.3	
-5.18	-4.91	-4.96	-5.02	-5.34	-5.2	-4.81	-4.53	-5.08	-5.38	-4.87	-5.04	-5.18	-5.04	-5.18	-5.14	3.4	
-4.93	-4.79	-4.82	-4.92	-5.38	-5.22	-4.81	-4.76	-5.1	-5.06	-4.93	-5.23	-5.18	-5.22	-5.16	-5.31	3.5	
-5.01	-4.79	-4.65	-5.2	-5.34	-5.18	-4.92	-4.4	-5.0	-5.2	-5.03	-5.14	-5.24	-5.08	-5.3	-5.29	3.6	
-4.85	-4.91	-4.86	-5.14	-5.32	-5.34	-4.86	-4.44	-5.02	-4.92	-4.99	-4.84	-5.2	-5.16	-5.18	-5.16	3.7	
-5.08	-4.83	-4.67	-5.08	-5.38	-5.59	-4.86	-4.76	-5.02	-5.02	-4.91	-5.02	-5.18	-5.29	-5.11	-5.37	3.8	
-5.04	-4.89	-4.84	-5.06	-5.44	-5.18	-4.86	-4.63	-5.06	-4.92	-4.82	-5.02	-5.14	-5.41	-5.18	-5.14	3.9	
-5.2	-4.85	-4.51	-5.18	-5.28	-5.49	-4.92	-4.46	-5.06	-5.02	-4.95	-4.92	-5.18	-5.16	-5.16	-5.37	4.0	
-5.08	-4.89	-4.86	-4.92	-5.28	-4.95	-4.98	-4.63	-5.02	-5.06	-4.85	-4.86	-5.18	-5.18	-5.2	-5.23	4.1	
-5.14	-4.95	-4.92	-5.14	-5.3	-5.39	-4.75	-4.8	-5.21	-4.82	-4.86	-4.78	-5.2	-4.96	-5.16	-5.12	4.2	
-5.01	-4.73	-4.78	-5.1	-5.4	-5.22	-4.86	-4.57	-4.88	-4.92	-4.84	-5.14	-5.08	-5.04	-5.11	-5.16	4.3	
-4.59	-4.95	-4.73	-5.02	-5.34	-5.08	-4.75	-4.57	-4.98	-5.16	-4.87	-5.29	-5.14	-5.24	-5.16	-5.02	4.7	
-5.12	-4.77	-4.69	-4.92	-5.4	-5.2	-4.81	-4.69	-4.92	-4.84	-4.84	-5.29	-5.2	-5.26	-5.14	-5.5	4.8	
-5.03	-4.85	-4.8	-5.18	-5.42	-5.12	-4.98	-4.3	-5.04	-5.0	-4.76	-4.9	-5.18	-5.24	-5.13	-5.37	4.9	
-5.03	-4.73	-4.61	-5.1	-5.24	-5.18	-4.81	-4.65	-5.1	-4.94	-4.91	-4.88	-5.18	-5.12	-5.3	-5.37	5.0	
-5.22	-4.83	-4.67	-5.1	-5.34	-5.3	-4.75	-4.46	-5.04	-4.88	-4.95	-4.9	-5.08	-4.83	-5.07	-5.29	5.3	
-4.91	-4.79	-4.63	-5.02	-5.36	-5.18	-4.88	-4.25	-4.98	-4.88	-4.84	-4.71	-5.08	-4.73	-5.24	-5.25	5.4	
-4.95	-4.97	-4.69	-5.06	-5.34	-5.1	-4.81	-4.61	-5.02	-5.24	-4.74	-5.27	-5.18	-5.14	-5.16	-5.08	5.5	
-5.2	-4.93	-4.67	-5.12	-5.36	-5.18	-4.88	-4.38	-5.06	-4.84	-4.99	-5.06	-5.18	-5.2	-5.11	-5.37	5.9	
-4.97	-4.71	-4.98	-4.98	-5.44	-5.06	-4.81	-4.4	-4.87	-5.06	-4.84	-5.1	-5.08	-5.04	-5.11	-5.35	6.0	
-5.08	-4.83	-4.84	-5.18	-5.4	-5.16	-4.75	-4.46	-4.83	-4.8	-4.93	-5.04	-5.14	-5.06	-5.16	-5.31	6.1	
-5.06	-4.71	-4.73	-4.96	-5.34	-5.24	-4.88	-4.57	-4.79	-5.04	-5.05	-5.06	-5.18	-5.06	-5.09	-5.23	6.2	
-5.01	-4.81	-4.67	-5.1	-5.36	-5.28	-4.88	-4.48	-4.92	-4.88	-4.91	-5.02	-5.2	-4.94	-5.2	-5.08	6.3	
-5.1	-4.79	-4.82	-4.92	-5.38	-5.22	-4.81	-4.59	-5.16	-5.02	-5.07	-5.06	-5.08	-5.08	-5.16	-5.29	6.4	
-4.85	-4.79	-4.49	-5.28	-5.24	-5.32	-4.75	-4.51	-5.06	-5.06	-4.93	-5.1	-5.14	-5.1	-5.22	-5.52	6.5	
-5.18	-4.79	-4.69	-4.86	-5.24	-5.26	-4.81	-4.32	-5.08	-4.9	-4.87	-4.84	-5.18	-5.12	-5.11	-5.33	6.6	
-5.06	-4.85	-4.61	-5.2	-5.34	-5.51	-4.81	-4.38	-5.06	-4.94	-4.72	-5.02	-5.08	-4.96	-5.2	-5.31	6.9	
-5.16	-4.79	-4.86	-4.92	-5.24	-5.26	-4.71	-4.4	-4.94	-4.98	-4.72	-5.19	-5.2	-4.77	-5.16	-5.14	7.0	
-5.06	-4.69	-4.92	-4.88	-5.36	-5.28	-4.75	-4.65	-5.12	-5.0	-4.78	-5.06	-5.14	-5.08	-5.11	-5.37	7.2	
-5.08	-4.73	-4.9	-4.92	-5.46	-4.95	-4.75	-4.42	-4.85	-4.84	-4.76	-5.02	-5.14	-5.22	-5.18	-5.35	7.5	
-4.89	-4.67	-4.55	-5.0	-5.3	-5.39	-4.79	-4.71	-4.94	-4.76	-4.66	-4.74	-5.14	-5.1	-5.11	-5.1	7.6	
-4.93	-4.83	-4.65	-5.04	-5.32	-5.18	-4.75	-4.67	-5.06	-4.76	-4.8	-4.86	-5.2	-4.83	-5.16	-5.41	7.7	
-4.87	-4.77	-4.88	-4.73	-5.34	-5.2	-4.81	-4.53	-4.98	-4.92	-4.99	-5.1	-5.14	-5.33	-5.07	-5.27	7.8	
-4.77	-4.75	-4.67	-4.96	-5.3	-5.1	-4.75	-4.42	-4.94	-4.94	-4.8	-5.02	-5.14	-5.04	-5.14	-5.18	7.9	
-5.04	-4.81	-4.71	-5.12	-5.32	-5.28	-4.81	-4.57	-5.0	-4.74	-4.7	-4.96	-5.2	-5.08	-5.07	-5.35	8.0	
-4.91	-4.73	-4.67	-5.06	-5.3	-5.24	-4.81	-4.51	-5.06	-5.06	-4.93	-4.69	-5.14	-5.22	-5.01	-5.46	8.1	
-4.73	-4.79	-4.61	-5.14	-5.3	-4.93	-4.75	-4.4	-4.87	-5.0	-4.82	-5.16	-5.14	-5.14	-5.07	-5.31	8.2	
-4.83	-4.83	-4.67	-4.98	-5.34	-5.28	-4.81	-4.67	-4.98	-4.78	-4.76	-4.88	-5.14	-4.88	-5.07	-5.27	8.3	
-4.81	-4.79	-4.59	-5.0	-5.36	-5.04	-4.79	-4.48	-5.08	-4.84	-4.8	-4.67	-5.14	-5.16	-5.13	-5.14	8.4	
-5.08	-4.79	-4.61	-5.0	-5.24	-5.06	-4.75	-4.57	-4.98	-4.94	-4.84	-4.71	-5.14	-5.22	-5.07	-5.25	8.5	
-4.85	-4.83	-4.65	-5.06	-5.24	-5.16	-4.77	-4.57	-4.94	-4.9	-4.66	-5.02	-5.01	-5.14	-5.01	-5.02	8.6	
-4.93	-4.73	-4.88	-4.86	-5.22	-5.26	-4.75	-4.65	-5.08	-4.78	-4.74	-5.06	-5.24	-5.2	-5.2	-5.48	8.7	
-4.71	-4.79	-4.65	-5.02	-5.34	-5.16	-4.75	-4.51	-4.81	-4.88	-4.64	-5.1	-5.14	-4.85	-5.18	-5.35	8.8	
-4.75	-4.65	-4.49	-5.14	-5.18	-5.26	-4.75	-4.59	-4.96	-4.96	-4.8	-5.08	-5.14	-5.16	-5.05	-5.1	8.9	
-4.97	-4.63	-4.84	-4.92	-5.26	-5.08	-4.81	-4.69	-4.94	-4.76	-4.93	-4.94	-5.18	-4.9	-5.16	-5.14	9.0	
-4.95	-4.77	-4.78	-4.96	-5.32	-5.2	-4.81	-4.4	-5.0	-4.9	-4.76	-4.76	-5.14	-5.04	-5.13	-5.31	9.1	
-4.99	-4.79	-4.67	-4.92	-5.3	-5.14	-4.81	-4.48	-5.0	-4.94	-4.88	-4.76	-5.18	-5.14	-5.09	-5.18	9.2	
-4.79	-4.83	-4.51	-5.2	-5.2	-5.49	-4.77	-4.38	-4.85	-4.86	-4.7	-4.88	-5.2	-4.77	-5.11	-5.18	9.3	
-4.93	-4.73	-4.65	-4.96	-5.24	-5.26	-4.77	-4.48	-5.02	-4.86	-4.89	-5.02	-5.08	-4.94	-5.09	-5.0	9.4	
-4.99	-4.79	-4.65	-5.14	-5.22	-5.32	-4.75	-4.63	-4.9	-4.88	-4.74	-5.12	-5.14	-5.26	-5.16	-5.14	9.5	
-4.85	-4.73	-4.51	-5.16	-5.2	-5.51	-4.69	-4.63	-4.98	-4.94	-4.99	-5.23	-5.01	-5.35	-4.99	-5.29	9.6	
-4.93	-4.73	-4.94	-4.86	-5.3	-5.1	-4.75	-4.36	-4.96	-4.78	-4.86	-4.74	-5.08	-5.1	-5.07	-5.08	9.7	
-4.77	-4.79	-4.53	-5.14	-5.34	-5.2	-4.81	-4.71	-4.92	-4.9	-4.91	-5.0	-5.08	-5.12	-4.93	-5.02	9.8	
-4.85	-4.75	-4.69	-4.98	-5.28	-5.01	-4.75	-4.3	-4.88	-4.98	-4.8	-5.04	-5.01	-5.1	-5.07	-5.06	9.9	
-4.95	-4.83	-4.63	-5.02	-5.2	-5.28	-4.81	-4.48	-5.06	-4.74	-4.82	-5.23	-5.14	-5.08	-4.99	-4.77	10.0	
-4.91	-4.73	-4.79	-5.16	-5.3	-5.2	-4.81	-4.5	-5.15	-4.72	-4.58	-5.06	-5.08	-5.04	-5.11	-5.29	10.1	
-4.99	-4.77	-4.71	-5.18	-5.36	-5.32	-4.81	-4.4	-4.88	-5.04	-5.03	-5.02	-5.14	-4.83	-5.13	-5.31	10.3	
-5.14	-4.79	-4.67	-4.98	-5.3	-5.24	-4.81	-4.71	-4.86	-5.14	-4.88	-5.04	-5.18	-5.1	-5.18	-5.04	10.4	
-4.97	-4.81	-4.79	-5.12	-5.34	-5.03	-4.75	-4.48	-5.1	-4.94	-4.86	-4.96	-5.08	-4.92	-5.01	-5.2	10.5	
-5.05	-4.79	-4.86	-5.0	-5.36	-5.12	-4.75	-4.53	-5.0	-4.9	-4.88	-4.92	-5.18	-4.85	-5.13	-5.43	10.6	
-5.01	-4.73	-4.75	-4.96	-5.3	-5.1	-4.86	-4.48	-4.79	-5.02	-4.93	-5.1	-5.14	-5.14	-5.11	-5.06	10.7	
-4.87	-4.79	-4.63	-5.14	-5.32	-5.2	-4.81	-4.38	-4.84	-4.96	-4.82	-5.0	-5.14	-5.0	-5.32	-5.33	10.8	
-4.77	-4.79	-4.67	-5.2	-5.32	-5.16	-4.81	-4.19	-4.92	-5.08	-4.99	-4.69	-5.2	-4.77	-5.22	-5.27	11.2	
-4.93	-4.85	-4.8	-5.06	-5.3	-5.36	-4.75	-4.53	-4.92	-4.78	-4.62	-5.19	-5.14	-4.94	-5.28	-5.29	11.3	
-4.95	-4.85	-4.73	-5.06	-5.28	-5.2	-4.81	-4.59	-4.75	-4.74	-4.64	-5.02	-5.08	-5.02	-5.03	-5.33	11.4	
-5.1	-4.71	-4.65	-4.92	-5.34	-5.22	-4.81	-4.32	-4.96	-4.92	-4.8	-4.76	-5.18	-5.04	-5.18	-5.29	11.5	
-5.18	-4.83	-4.69	-4.73	-5.2	-5.2	-4.81	-4.63	-4.71	-4.68	-4.7	-5.06	-5.14	-4.92	-5.16	-5.08	11.6	
-4.87	-4.73	-4.69	-4.86	-5.32	-5.03	-4.75	-4.51	-4.81	-4.94	-4.76	-4.86	-5.08	-5.1	-5.01	-5.06	11.7	
-4.95	-4.79	-4.73	-5.12	-5.34	-5.18	-4.75	-4.38	-4.96	-4.78	-4.95	-4.86	-5.08	-5.2	-5.11	-5.1	11.8	
-5.03	-4.77	-4.59	-5.04	-5.34	-5.36	-4.75	-4.23	-5.14	-4.76	-4.76	-4.84	-5.14	-5.08	-5.01	-5.23	11.9	
-4.63	-4.89	-4.65	-4.92	-5.32	-5.16	-4.81	-4.32	-4.9	-4.78	-4.89	-4.82	-5.14	-4.92	-5.16	-5.31	12.0	
-4.87	-4.79	-4.71	-5.04	-5.11	-5.41	-4.75	-4.61	-4.98	-4.78	-4.86	-4.84	-5.18	-5.06	-5.13	-5.21	12.1	
-5.03	-4.67	-4.67	-5.14	-5.36	-5.18	-4.81	-4.51	-4.96	-4.8	-4.74	-4.98	-5.18	-4.94	-5.22	-5.16	12.2	
-4.89	-4.81	-4.78	-4.98	-5.24	-4.91	-4.75	-4.4	-4.88	-4.66	-4.82	-4.8	-5.08	-5.16	-5.05	-5.12	12.3	
-5.03	-4.67	-4.55	-4.98	-5.26	-5.08	-4.69	-4.69	-5.0	-4.86	-4.7	-4.96	-5.14	-5.12	-5.03	-5.18	12.4	
-4.93	-4.73	-4.61	-4.88	-5.24	-5.26	-4.75	-4.57	-4.88	-4.98	-4.82	-4.78	-5.18	-5.28	-5.01	-5.23	12.5	
-4.61	-4.79	-4.47	-5.0	-5.17	-5.32	-4.79	-4.38	-5.0	-4.98	-4.8	-5.04	-5.08	-5.12	-5.11	-5.41	12.6	
-4.87	-4.91	-4.73	-4.86	-5.2	-5.26	-4.71	-4.55	-4.85	-4.88	-4.74	-5.23	-5.08	-5.06	-5.13	-5.04	12.7	
-4.95	-4.69	-4.55	-4.92	-5.18	-5.51	-4.63	-4.61	-4.85	-4.64	-4.66	-4.86	-5.2	-5.1	-5.09	-5.23	12.8	
-4.95	-4.77	-4.57	-5.12	-5.3	-5.34	-4.69	-4.67	-4.94	-4.76	-4.82	-4.76	-5.2	-5.06	-5.13	-4.96	12.9	
-4.91	-4.73	-4.63	-5.0	-5.24	-5.18	-4.65	-4.55	-4.86	-5.02	-4.93	-5.02	-5.08	-5.08	-5.2	-5.18	13.0	
-5.03	-4.75	-4.71	-4.83	-5.32	-4.99	-4.75	-4.46	-4.75	-5.0	-4.72	-4.9	-5.14	-5.12	-5.03	-5.0	13.1	
-4.87	-4.73	-4.45	-4.98	-5.2	-5.2	-4.65	-4.36	-4.88	-5.12	-4.93	-4.67	-5.08	-4.96	-5.11	-5.27	13.2	
-4.93	-4.67	-4.65	-4.88	-5.24	-4.99	-4.71	-4.42	-4.92	-4.92	-4.68	-5.04	-5.08	-4.98	-5.07	-5.23	13.3	
-4.83	-4.69	-4.41	-5.12	-5.24	-5.12	-4.69	-4.48	-4.96	-4.78	-4.88	-4.94	-5.14	-4.92	-5.01	-5.2	13.4	
-5.05	-4.67	-4.65	-4.77	-5.26	-5.12	-4.75	-4.57	-5.02	-4.8	-4.93	-4.78	-5.14	-4.87	-5.13	-5.02	13.5	
-4.79	-4.75	-4.65	-5.06	-5.15	-5.16	-4.75	-4.46	-4.92	-4.72	-4.8	-5.23	-5.14	-5.14	-5.13	-5.33	13.6	
-5.01	-4.73	-4.55	-4.92	-5.22	-5.32	-4.65	-4.27	-4.9	-4.66	-4.86	-5.21	-5.08	-4.96	-5.24	-5.23	13.7	
-4.77	-4.81	-4.55	-4.92	-5.15	-5.16	-4.75	-4.65	-5.04	-5.0	-4.93	-4.94	-5.14	-5.08	-5.13	-5.25	13.8	
-4.87	-4.63	-4.59	-5.08	-5.3	-5.12	-4.81	-4.42	-4.92	-4.88	-4.91	-5.02	-5.08	-5.1	-5.05	-5.08	13.9	
-4.79	-4.63	-4.61	-5.16	-5.24	-5.32	-4.75	-4.63	-4.9	-4.78	-4.8	-5.08	-5.14	-4.87	-5.09	-5.18	14.0	
-4.79	-4.67	-4.43	-5.04	-5.13	-5.26	-4.75	-4.71	-4.81	-4.92	-4.84	-4.67	-5.2	-4.92	-5.2	-5.12	14.1	
-4.97	-4.67	-4.53	-4.88	-5.36	-4.91	-4.75	-4.25	-4.9	-4.88	-4.8	-5.04	-5.26	-5.14	-5.13	-5.23	14.2	
-5.05	-4.67	-4.77	-4.83	-5.28	-5.16	-4.69	-4.55	-4.86	-4.74	-4.99	-5.06	-5.08	-5.3	-5.01	-5.31	14.3	
-4.97	-4.75	-4.75	-4.98	-5.24	-5.2	-4.75	-4.44	-4.81	-5.08	-4.64	-5.18	-5.01	-5.26	-5.05	-4.93	14.4	
-5.03	-4.67	-4.84	-4.88	-5.24	-5.03	-4.75	-4.4	-4.71	-4.76	-4.76	-5.19	-5.08	-4.98	-5.13	-5.39	14.5	
-4.61	-4.79	-4.51	-5.2	-5.3	-5.24	-4.69	-4.59	-5.0	-4.74	-4.7	-4.96	-5.08	-5.1	-5.05	-5.1	14.6	
-4.73	-4.81	-4.71	-5.06	-5.24	-5.2	-4.71	-4.44	-4.94	-4.88	-4.78	-4.86	-5.08	-5.04	-5.13	-5.54	14.7	
-5.22	-4.69	-4.9	-4.81	-5.13	-5.2	-4.75	-4.51	-5.19	-5.0	-5.01	-4.96	-5.01	-5.02	-5.09	-5.35	14.9	
-5.01	-4.69	-4.61	-5.0	-5.28	-5.16	-4.69	-4.42	-4.73	-4.98	-4.84	-4.88	-5.2	-4.94	-5.09	-5.35	15.1	
-4.89	-4.73	-4.65	-4.86	-5.28	-5.1	-4.75	-4.55	-4.9	-4.64	-4.76	-4.8	-5.08	-5.22	-5.18	-5.23	15.2	
-4.97	-4.71	-4.88	-4.9	-5.26	-5.12	-4.75	-4.46	-4.75	-4.92	-4.7	-5.29	-5.08	-4.94	-5.11	-5.04	15.3	
-4.99	-4.73	-4.65	-4.81	-5.28	-5.18	-4.75	-4.4	-4.81	-4.76	-4.66	-4.72	-5.14	-5.22	-5.05	-5.31	15.4	
-4.87	-4.85	-4.51	-5.02	-5.28	-5.24	-4.71	-4.84	-4.67	-4.78	-4.95	-5.12	-5.14	-5.02	-5.07	-5.35	15.5	
-4.77	-4.69	-4.73	-4.69	-5.18	-5.16	-4.75	-4.67	-4.88	-4.62	-4.76	-5.0	-5.14	-5.1	-5.11	-5.14	15.6	
-5.04	-4.73	-4.84	-4.9	-5.13	-5.18	-4.75	-4.44	-4.73	-4.86	-4.72	-4.92	-5.08	-5.06	-5.09	-5.31	15.7	
-5.06	-4.63	-4.47	-5.0	-5.3	-5.12	-4.75	-4.46	-5.0	-4.64	-4.7	-5.19	-5.01	-5.14	-5.07	-5.21	15.8	
-4.93	-4.79	-4.67	-4.84	-5.24	-4.83	-4.75	-4.38	-4.88	-4.6	-4.7	-4.84	-5.14	-5.14	-5.18	-5.41	15.9	
-4.89	-4.63	-4.59	-5.08	-5.26	-5.28	-4.81	-4.48	-5.04	-4.94	-4.87	-4.84	-5.08	-5.04	-5.11	-5.29	16.0	
-4.89	-4.71	-4.47	-4.96	-5.2	-5.16	-4.81	-4.42	-5.04	-4.76	-4.8	-4.63	-5.14	-4.96	-5.2	-5.21	16.2	
-4.95	-4.63	-4.71	-4.96	-5.34	-5.01	-4.79	-4.48	-4.69	-4.94	-4.8	-5.21	-5.08	-5.08	-5.13	-5.08	16.3	
-5.03	-4.75	-4.67	-4.83	-5.18	-5.08	-4.71	-4.67	-4.96	-4.94	-4.86	-5.02	-5.14	-5.08	-5.16	-5.04	16.4	
-4.83	-4.71	-4.75	-4.88	-5.26	-5.34	-4.71	-4.65	-5.06	-4.74	-4.72	-4.96	-5.08	-4.71	-5.18	-5.27	16.5	
-4.85	-4.69	-4.8	-4.73	-5.36	-5.03	-4.81	-4.42	-4.71	-4.88	-4.64	-5.1	-5.01	-5.02	-5.11	-5.14	16.6	
-4.85	-4.67	-4.53	-4.96	-5.3	-5.24	-4.75	-4.71	-4.75	-4.64	-4.82	-4.8	-5.18	-5.1	-5.13	-5.21	16.7	
-4.71	-4.73	-4.61	-4.94	-5.22	-5.16	-4.75	-4.32	-4.88	-4.76	-4.86	-4.94	-5.14	-5.0	-5.22	-5.48	16.8	
-4.87	-4.91	-4.51	-5.04	-5.15	-5.14	-4.75	-4.57	-5.04	-4.78	-4.62	-4.96	-5.08	-5.06	-5.03	-5.23	16.9	
-5.14	-4.69	-4.8	-4.83	-5.24	-4.87	-4.75	-4.38	-5.21	-4.74	-4.7	-4.86	-5.01	-4.83	-5.09	-5.14	17.0	
-4.93	-4.73	-4.82	-4.94	-5.24	-5.2	-4.69	-4.36	-4.98	-5.08	-4.97	-4.98	-5.08	-5.08	-5.13	-5.37	17.1	
-5.16	-4.63	-4.55	-4.88	-5.13	-5.18	-4.69	-4.55	-4.83	-4.94	-4.66	-5.1	-5.08	-4.92	-5.15	-5.04	17.2	
-4.91	-4.73	-4.67	-4.96	-5.3	-5.2	-4.65	-4.69	-5.02	-4.7	-4.8	-4.96	-5.08	-5.1	-5.13	-4.93	17.3	
-4.67	-4.75	-4.49	-5.08	-5.17	-5.18	-4.71	-4.4	-4.88	-4.76	-4.84	-4.9	-5.08	-5.12	-5.11	-5.12	17.4	
-4.85	-4.73	-4.73	-5.02	-5.13	-5.43	-4.71	-4.53	-4.86	-5.0	-4.91	-4.84	-5.08	-5.12	-4.97	-4.93	17.5	
-4.87	-4.61	-4.73	-4.92	-5.17	-5.28	-4.75	-4.34	-4.92	-4.92	-4.7	-4.86	-5.07	-5.06	-5.07	-4.98	17.6	
-4.99	-4.79	-4.63	-4.98	-5.28	-5.18	-4.69	-4.32	-4.81	-4.7	-4.8	-5.1	-5.01	-5.14	-5.05	-5.18	17.7	
-4.79	-4.75	-4.69	-4.98	-5.19	-5.18	-4.81	-4.34	-4.84	-4.76	-4.76	-4.86	-5.14	-5.06	-5.01	-5.39	17.8	
-4.79	-4.63	-4.63	-5.06	-5.3	-5.2	-4.71	-4.63	-4.83	-4.86	-4.82	-4.96	-5.07	-5.18	-5.07	-5.25	17.9	
-4.79	-4.73	-4.49	-4.87	-5.3	-5.16	-4.75	-4.4	-4.79	-5.04	-4.72	-4.98	-5.14	-5.0	-5.15	-5.25	18.0	
-4.87	-4.79	-4.65	-4.92	-5.15	-5.28	-4.69	-4.48	-4.98	-5.02	-4.76	-4.92	-5.08	-5.12	-5.15	-5.16	18.3	
-5.01	-4.67	-4.96	-4.94	-5.28	-5.08	-4.81	-4.46	-4.92	-4.94	-4.82	-4.98	-5.03	-5.14	-5.05	-5.08	18.4	
-4.83	-4.67	-4.63	-5.04	-5.28	-5.26	-4.71	-4.27	-5.0	-4.62	-4.7	-5.12	-5.08	-5.28	-5.03	-5.27	18.5	
-4.87	-4.67	-4.63	-4.98	-5.34	-4.89	-4.75	-4.53	-4.94	-4.68	-4.84	-5.04	-5.1	-5.26	-5.07	-5.2	18.6	
-4.83	-4.71	-4.55	-4.92	-5.24	-5.01	-4.75	-4.25	-4.83	-4.74	-4.8	-4.92	-5.07	-4.92	-5.18	-5.08	18.7	
-4.93	-4.75	-4.71	-4.9	-5.22	-5.24	-4.71	-4.25	-5.04	-4.76	-4.8	-4.86	-5.14	-5.1	-5.13	-5.2	18.8	
-4.52	-4.75	-4.71	-4.88	-5.17	-5.01	-4.77	-4.46	-4.86	-4.84	-4.7	-4.92	-5.08	-4.98	-5.13	-5.23	18.9	
-4.81	-4.65	-4.59	-4.96	-5.36	-5.01	-4.65	-4.61	-4.92	-4.88	-4.76	-4.8	-5.03	-5.22	-4.99	-5.18	19.0	
-4.79	-4.83	-4.51	-5.02	-5.22	-4.91	-4.75	-4.38	-4.75	-4.78	-4.54	-5.02	-5.07	-5.08	-5.05	-5.16	19.1	
-4.77	-4.73	-4.55	-4.85	-5.28	-4.89	-4.75	-4.42	-4.81	-4.88	-4.93	-4.78	-5.14	-4.85	-5.13	-5.27	19.2	
-4.85	-4.67	-4.53	-4.92	-5.15	-5.2	-4.75	-4.38	-5.0	-4.88	-4.74	-5.06	-5.14	-5.16	-5.18	-5.18	19.3	
-4.83	-4.75	-4.57	-4.83	-5.15	-5.18	-4.81	-4.42	-4.96	-4.72	-4.8	-4.71	-5.07	-4.83	-5.13	-5.37	19.4	
-4.87	-4.73	-4.69	-5.12	-5.32	-5.18	-4.75	-4.57	-4.9	-4.82	-4.76	-5.02	-5.07	-5.14	-5.07	-5.23	19.5	
-5.01	-4.75	-4.53	-5.02	-5.13	-5.16	-4.71	-4.32	-4.83	-4.96	-4.76	-4.94	-5.07	-5.0	-5.11	-5.29	19.6	
-4.85	-4.63	-4.71	-4.96	-5.26	-5.26	-4.71	-4.3	-4.83	-4.76	-4.7	-5.1	-5.07	-5.12	-5.05	-5.12	19.7	
-4.77	-4.69	-4.41	-5.02	-5.26	-5.2	-4.71	-4.4	-4.98	-5.1	-4.88	-4.84	-5.03	-4.9	-5.05	-5.33	20.1	
-4.81	-4.67	-4.41	-4.98	-5.15	-5.24	-4.69	-4.44	-4.85	-4.82	-4.86	-5.02	-5.08	-5.12	-5.09	-5.14	20.2	
-4.85	-4.61	-4.63	-4.98	-5.3	-5.03	-4.69	-4.17	-5.0	-4.62	-4.72	-4.76	-5.08	-4.87	-5.16	-5.18	20.3	
-4.71	-4.67	-4.53	-4.88	-5.3	-5.2	-4.71	-4.3	-4.88	-4.82	-4.66	-5.12	-5.14	-5.08	-4.97	-5.31	20.4	
-5.08	-4.57	-4.65	-4.94	-5.11	-5.12	-4.65	-4.17	-4.79	-4.92	-4.86	-4.8	-5.08	-5.1	-5.11	-5.14	20.6	
-4.87	-4.79	-4.47	-5.24	-5.05	-5.16	-4.71	-4.53	-5.08	-4.82	-4.93	-4.67	-5.14	-4.98	-5.05	-5.23	20.7	
-4.81	-4.65	-4.65	-4.98	-5.26	-5.24	-4.71	-4.44	-4.86	-4.72	-4.78	-4.76	-5.14	-4.83	-5.22	-5.21	20.8	
-4.75	-4.69	-4.63	-4.94	-5.18	-5.41	-4.71	-4.69	-4.83	-4.82	-4.82	-4.96	-4.97	-5.22	-5.16	-5.33	20.9	
-4.59	-4.79	-4.57	-5.0	-5.15	-5.28	-4.65	-4.57	-4.85	-4.66	-4.6	-4.96	-5.03	-5.06	-4.99	-5.12	21.0	
-4.57	-4.69	-4.59	-4.96	-5.15	-4.87	-4.77	-4.38	-4.81	-4.56	-4.68	-5.04	-5.18	-4.81	-5.03	-5.18	21.3	
-4.71	-4.61	-4.51	-4.96	-5.13	-5.18	-4.71	-4.23	-4.71	-4.9	-4.68	-5.04	-4.97	-4.85	-5.03	-5.21	21.4	
-4.65	-4.83	-4.67	-4.84	-5.28	-5.18	-4.71	-4.44	-4.81	-4.9	-4.66	-5.16	-5.08	-5.02	-5.07	-5.33	21.6	
-4.95	-4.63	-4.73	-4.73	-5.13	-5.12	-4.75	-4.51	-4.69	-5.06	-4.66	-5.1	-5.08	-4.94	-5.05	-5.08	21.7	
-4.87	-4.63	-4.75	-4.79	-5.11	-5.01	-4.63	-4.61	-4.77	-4.72	-4.72	-5.02	-5.08	-4.92	-5.09	-4.87	21.8	
-5.01	-4.73	-4.51	-4.96	-5.13	-5.06	-4.71	-4.3	-4.77	-4.88	-4.72	-4.98	-5.14	-4.96	-5.03	-4.91	21.9	
-4.65	-4.73	-4.49	-5.16	-5.2	-5.16	-4.75	-4.44	-4.77	-4.8	-4.72	-4.94	-5.01	-5.0	-5.09	-5.25	22.0	
-4.85	-4.67	-4.59	-4.96	-5.2	-4.97	-4.71	-4.51	-4.9	-4.76	-4.82	-4.67	-4.97	-4.98	-5.09	-5.1	22.1	
-4.81	-4.81	-4.67	-4.92	-5.2	-5.12	-4.63	-4.42	-4.79	-5.14	-4.86	-4.86	-5.08	-5.1	-5.13	-5.31	22.2	
-4.95	-4.69	-4.45	-5.0	-5.15	-5.06	-4.65	-4.51	-4.83	-4.74	-4.66	-4.63	-5.08	-4.85	-5.01	-5.14	22.3	
-4.93	-4.63	-4.59	-4.84	-5.24	-5.04	-4.81	-4.51	-5.0	-4.98	-4.82	-4.74	-5.08	-5.06	-5.14	-5.33	22.4	
-4.95	-4.57	-4.63	-4.9	-5.24	-4.83	-4.69	-4.28	-4.79	-4.74	-4.66	-4.65	-5.12	-5.14	-5.14	-5.25	22.5	
-4.77	-4.63	-4.67	-4.9	-5.28	-4.91	-4.75	-4.63	-4.69	-4.84	-4.82	-4.96	-5.08	-5.2	-5.05	-5.29	22.6	
-4.69	-4.69	-4.35	-5.08	-5.16	-5.02	-4.71	-4.34	-4.92	-4.72	-4.8	-4.59	-5.12	-4.86	-4.97	-5.06	22.7	
-4.87	-4.73	-4.59	-4.86	-5.26	-5.08	-4.71	-4.55	-4.69	-4.8	-4.54	-5.02	-5.04	-5.02	-5.05	-5.12	22.8	
-4.73	-4.67	-4.74	-4.92	-5.07	-5.12	-4.69	-4.42	-4.59	-4.92	-4.87	-5.35	-5.08	-4.88	-5.16	-5.14	22.9	
-4.83	-4.63	-4.57	-4.96	-5.11	-5.2	-4.75	-4.59	-4.83	-4.82	-4.7	-4.82	-5.08	-4.94	-5.14	-5.27	23.0	
-4.79	-4.73	-4.78	-5.02	-5.2	-5.06	-4.71	-4.4	-4.61	-4.9	-4.68	-4.76	-5.08	-5.06	-5.12	-5.23	23.1	
-4.69	-4.67	-4.57	-4.88	-5.18	-5.18	-4.69	-4.55	-4.9	-4.62	-4.8	-5.1	-5.08	-4.98	-5.12	-5.29	23.2	
-4.89	-4.67	-4.59	-5.0	-5.11	-5.1	-4.69	-4.44	-4.96	-4.64	-4.85	-4.65	-5.14	-5.12	-5.01	-5.19	23.5	
-4.63	-4.69	-4.47	-5.0	-5.2	-5.14	-4.69	-4.42	-4.73	-4.78	-4.82	-4.78	-5.14	-5.16	-5.07	-5.06	23.6	
-4.65	-4.73	-4.51	-5.04	-5.24	-4.99	-4.75	-4.42	-4.79	-4.78	-4.85	-5.12	-5.08	-5.14	-5.07	-5.33	23.7	
-4.95	-4.67	-4.41	-4.94	-5.11	-5.16	-4.75	-4.42	-4.94	-4.76	-4.93	-4.78	-5.08	-4.84	-5.12	-5.19	23.9	
-4.73	-4.75	-4.76	-4.84	-5.09	-5.3	-4.75	-4.53	-4.83	-4.94	-4.8	-4.9	-5.08	-5.1	-5.12	-5.23	24.0	
-5.02	-4.73	-4.59	-4.98	-5.07	-5.45	-4.59	-4.59	-4.59	-4.92	-4.6	-5.04	-5.02	-5.12	-4.93	-5.21	24.1	
-4.79	-4.63	-4.94	-4.69	-5.18	-5.2	-4.75	-4.34	-5.02	-5.0	-4.93	-5.06	-5.2	-4.96	-5.09	-5.08	24.2	
-4.79	-4.81	-4.82	-4.92	-5.16	-5.22	-4.75	-4.42	-4.92	-4.72	-4.76	-4.76	-5.08	-5.18	-5.12	-5.29	24.3	
-4.91	-4.77	-4.76	-4.9	-5.18	-5.12	-4.69	-4.67	-4.75	-4.94	-4.93	-4.78	-5.08	-5.12	-5.05	-5.33	24.4	
-4.67	-4.79	-4.45	-5.12	-5.16	-5.1	-4.69	-4.55	-4.71	-5.0	-4.66	-5.04	-5.14	-4.96	-5.16	-5.21	24.5	
-4.97	-4.67	-4.61	-4.9	-5.18	-5.02	-4.82	-4.61	-4.94	-4.8	-4.93	-4.7	-5.14	-5.06	-5.07	-5.12	24.6	
-4.63	-4.67	-4.78	-4.88	-5.24	-5.08	-4.71	-4.26	-4.73	-4.74	-4.76	-4.94	-5.08	-5.06	-5.2	-5.17	24.7	
-4.77	-4.85	-4.8	-5.08	-5.3	-5.1	-4.69	-4.51	-4.89	-4.88	-4.78	-4.94	-5.02	-5.04	-5.16	-5.17	24.8	
-4.97	-4.61	-4.47	-4.84	-5.14	-5.26	-4.82	-4.32	-4.92	-5.0	-4.97	-4.98	-5.04	-4.98	-5.14	-5.02	24.9	
-4.91	-4.65	-4.82	-4.78	-5.18	-4.93	-4.75	-4.51	-4.83	-4.86	-4.83	-4.94	-5.14	-4.96	-5.07	-5.21	25.0	
-4.63	-4.77	-4.59	-4.96	-5.07	-5.26	-4.75	-4.42	-4.77	-4.9	-4.97	-4.76	-5.2	-5.12	-5.16	-5.27	25.1	
-4.93	-4.69	-4.7	-4.86	-5.2	-5.1	-4.82	-4.44	-4.65	-4.78	-4.7	-4.74	-5.14	-4.79	-5.22	-5.12	25.2	
-4.53	-4.73	-4.67	-4.9	-5.18	-5.18	-4.75	-4.51	-4.79	-4.7	-4.7	-4.88	-5.14	-4.96	-5.14	-5.1	25.3	
-4.67	-4.73	-4.55	-4.8	-5.16	-4.85	-4.82	-4.53	-4.75	-4.8	-4.72	-4.84	-5.14	-5.04	-5.2	-5.48	25.4	
-4.83	-4.73	-4.59	-4.82	-5.16	-5.12	-4.71	-4.57	-4.83	-4.92	-4.74	-5.13	-5.08	-5.06	-5.12	-5.02	25.5	
-4.65	-4.67	-4.59	-4.92	-5.2	-5.26	-4.77	-4.57	-4.73	-4.92	-4.64	-4.96	-5.14	-5.16	-5.01	-5.37	25.6	
-4.85	-4.67	-4.74	-4.84	-5.12	-5.3	-4.75	-4.44	-4.87	-4.74	-4.83	-4.9	-5.14	-5.0	-5.2	-5.21	25.7	
-4.81	-4.63	-4.57	-4.94	-5.2	-5.2	-4.75	-4.55	-4.69	-4.84	-4.6	-4.74	-5.1	-5.0	-5.12	-5.0	25.8	
-4.75	-4.73	-4.69	-4.94	-5.18	-5.18	-4.71	-4.21	-4.83	-4.9	-4.7	-4.84	-5.02	-5.24	-5.01	-5.17	25.9	
-4.77	-4.67	-4.53	-4.86	-5.14	-5.12	-4.71	-4.69	-4.81	-4.8	-4.83	-4.96	-5.14	-4.94	-5.07	-5.1	26.0	
-4.65	-4.63	-4.55	-5.08	-5.22	-5.24	-4.69	-4.51	-4.79	-4.58	-4.87	-4.76	-5.08	-4.94	-5.12	-5.17	26.2	
-4.97	-4.61	-4.61	-4.96	-5.14	-5.1	-4.71	-4.63	-4.67	-4.9	-4.87	-5.0	-5.14	-5.1	-5.12	-5.04	26.3	
-4.77	-4.73	-4.55	-5.0	-5.3	-5.16	-4.75	-4.3	-4.98	-4.82	-4.82	-4.8	-5.14	-5.08	-5.09	-5.25	26.4	
-4.97	-4.69	-4.78	-4.9	-5.2	-5.18	-4.82	-4.44	-5.06	-4.84	-4.76	-4.8	-5.14	-5.16	-5.07	-5.41	26.5	
-4.79	-4.73	-4.67	-4.96	-5.3	-5.12	-4.75	-4.42	-5.0	-4.78	-4.74	-4.88	-5.14	-4.94	-5.16	-5.02	26.6	
-4.73	-4.79	-4.84	-4.9	-5.3	-4.99	-4.82	-4.55	-4.96	-4.92	-4.82	-5.06	-5.02	-4.88	-5.11	-5.1	26.7	
-4.71	-4.75	-4.37	-4.86	-5.22	-5.1	-4.71	-4.51	-4.85	-4.8	-4.76	-4.88	-5.14	-5.24	-5.09	-5.44	26.8	
-4.97	-4.71	-4.65	-4.96	-5.16	-5.18	-4.75	-4.46	-4.88	-4.56	-4.6	-4.84	-5.14	-5.16	-5.11	-5.14	26.9	
-4.93	-4.71	-4.53	-4.92	-5.09	-5.22	-4.75	-4.23	-4.98	-4.74	-4.78	-4.74	-5.02	-4.96	-5.05	-5.44	27.0	
-4.85	-4.61	-4.8	-4.92	-5.34	-5.01	-4.81	-4.32	-4.92	-4.8	-4.78	-4.96	-5.14	-4.98	-5.18	-5.31	27.3	
-5.01	-4.67	-4.55	-4.81	-5.2	-4.91	-4.81	-4.59	-4.73	-4.78	-4.7	-4.76	-5.08	-5.14	-5.11	-5.21	27.4	
-4.81	-4.69	-4.51	-4.86	-5.18	-5.2	-4.71	-4.44	-4.67	-4.82	-4.82	-5.02	-5.01	-5.45	-5.01	-5.39	27.5	
-4.77	-4.75	-4.69	-4.77	-5.16	-5.12	-4.71	-4.57	-4.75	-4.74	-4.8	-5.04	-5.18	-4.98	-5.16	-5.14	27.6	
-4.71	-4.73	-4.61	-4.84	-5.24	-4.77	-4.75	-4.44	-4.86	-4.76	-4.8	-5.04	-5.12	-4.96	-5.16	-5.29	27.7	
-5.08	-4.57	-4.82	-4.86	-5.24	-4.99	-4.81	-4.69	-4.79	-4.6	-4.64	-4.86	-5.18	-5.14	-5.09	-5.46	27.8	
-4.87	-4.73	-4.63	-4.77	-5.11	-5.1	-4.81	-4.36	-4.71	-4.7	-4.84	-5.0	-5.01	-5.08	-5.05	-5.31	27.9	
-4.77	-4.67	-4.51	-4.84	-5.2	-5.06	-4.75	-4.38	-4.75	-4.98	-4.93	-4.8	-5.14	-5.04	-5.18	-5.21	28.0	
-4.91	-4.63	-4.55	-4.84	-5.13	-5.37	-4.75	-4.76	-4.69	-4.6	-4.64	-4.69	-5.08	-5.22	-5.14	-5.43	28.4	
-4.89	-4.69	-4.31	-5.24	-5.2	-5.18	-4.75	-4.57	-4.88	-4.78	-4.7	-4.98	-5.14	-5.04	-5.13	-5.16	28.5	
-4.65	-4.71	-4.37	-4.98	-5.13	-5.28	-4.65	-4.59	-4.73	-4.9	-4.82	-4.74	-5.08	-4.94	-5.13	-5.14	28.6	
-5.16	-4.69	-4.59	-4.92	-5.13	-5.12	-4.75	-4.55	-4.83	-4.98	-4.7	-5.16	-5.03	-5.0	-5.11	-5.21	28.7	
-4.97	-4.67	-4.73	-4.84	-5.15	-5.18	-4.71	-4.57	-4.81	-4.78	-4.84	-4.96	-5.08	-5.12	-5.16	-5.31	28.8	
-4.65	-4.73	-4.57	-4.92	-5.11	-5.24	-4.75	-4.48	-4.67	-4.66	-4.7	-4.71	-5.14	-5.06	-5.11	-5.14	28.9	
-4.81	-4.63	-4.57	-4.88	-5.03	-5.2	-4.69	-4.44	-4.92	-4.88	-4.89	-4.71	-5.14	-4.98	-5.18	-5.37	29.0	
-5.03	-4.63	-4.63	-4.92	-5.18	-5.36	-4.71	-4.76	-4.81	-4.5	-4.54	-4.78	-5.08	-4.98	-5.2	-5.39	29.1	
-4.87	-4.67	-4.65	-5.02	-5.11	-5.1	-4.69	-4.4	-4.79	-4.94	-4.86	-5.08	-5.14	-4.98	-5.07	-5.14	29.2	
-4.55	-4.73	-4.69	-5.0	-5.03	-5.08	-4.77	-4.36	-4.73	-4.9	-4.89	-4.94	-5.08	-5.2	-5.09	-5.14	29.6	
-4.67	-4.81	-4.61	-5.08	-5.26	-5.04	-4.77	-4.51	-4.77	-4.72	-4.93	-5.08	-5.12	-4.96	-5.16	-5.33	29.7	
-4.75	-4.83	-4.65	-5.06	-5.22	-5.24	-4.71	-4.48	-4.69	-4.78	-4.78	-5.12	-5.08	-5.22	-5.14	-4.91	29.8	
-4.87	-4.69	-4.55	-4.9	-5.09	-5.26	-4.69	-4.84	-4.75	-4.76	-4.68	-4.9	-5.14	-4.96	-5.18	-5.19	29.9	
-4.67	-4.77	-4.51	-4.9	-5.2	-5.16	-4.75	-4.55	-4.67	-4.9	-4.76	-4.86	-5.08	-5.0	-5.09	-5.21	30.0	
-4.69	-4.69	-4.43	-4.98	-5.11	-5.49	-4.65	-4.71	-4.9	-5.0	-4.95	-5.02	-5.14	-4.98	-5.18	-5.35	30.1	
-4.77	-4.73	-4.57	-5.02	-5.24	-5.08	-4.75	-4.53	-4.88	-4.56	-4.82	-4.86	-5.14	-5.26	-5.07	-5.37	30.2	
-4.71	-4.73	-4.67	-4.86	-5.28	-5.01	-4.69	-4.71	-4.9	-4.68	-4.93	-4.8	-5.14	-5.02	-5.09	-5.14	30.3	
-5.06	-4.69	-4.63	-4.86	-5.18	-5.24	-4.71	-4.55	-5.0	-4.58	-4.66	-4.86	-5.14	-5.1	-5.07	-5.33	30.6	
-4.63	-4.67	-4.67	-4.92	-5.18	-5.1	-4.75	-4.44	-4.71	-5.28	-4.87	-5.02	-4.97	-4.79	-5.07	-5.31	30.8	
-4.71	-4.79	-4.84	-4.9	-5.24	-4.85	-4.81	-4.57	-4.85	-4.84	-4.68	-4.84	-5.08	-4.98	-5.14	-5.02	30.9	
-4.95	-4.69	-4.53	-5.0	-5.22	-5.18	-4.69	-4.46	-4.85	-4.78	-4.8	-4.78	-5.14	-4.96	-5.16	-5.27	31.0	
-4.55	-4.67	-4.51	-4.96	-5.18	-5.16	-4.69	-4.42	-4.63	-4.86	-4.76	-4.82	-5.04	-5.12	-5.11	-5.1	31.1	
-4.5	-4.63	-4.51	-5.0	-5.2	-5.2	-4.71	-4.46	-4.67	-5.08	-4.89	-4.86	-5.08	-4.96	-5.11	-5.35	31.2	
-5.03	-4.73	-4.63	-4.69	-5.15	-4.91	-4.71	-4.38	-4.92	-4.68	-4.76	-5.02	-5.03	-5.16	-5.13	-5.21	31.3	
-4.69	-4.67	-4.67	-4.94	-5.11	-5.04	-4.71	-4.74	-4.75	-4.76	-4.84	-4.65	-5.14	-5.08	-5.18	-5.18	31.4	
-4.65	-4.73	-4.69	-4.9	-5.11	-5.18	-4.69	-4.53	-4.67	-4.62	-4.6	-4.74	-5.01	-5.18	-5.05	-5.21	31.5	
-4.79	-4.73	-4.69	-4.96	-5.09	-5.24	-4.71	-4.57	-4.88	-4.72	-4.62	-4.88	-5.14	-4.96	-5.05	-5.12	31.6	
-4.71	-4.77	-4.53	-4.98	-5.05	-5.32	-4.69	-4.36	-4.77	-4.82	-4.66	-5.14	-5.08	-4.96	-5.07	-5.23	31.7	
-4.75	-4.61	-4.65	-4.81	-5.28	-4.91	-4.71	-4.44	-4.81	-4.86	-4.64	-4.76	-5.14	-5.02	-5.11	-5.16	31.8	
-4.87	-4.67	-4.45	-5.02	-5.13	-5.12	-4.75	-4.42	-4.77	-4.86	-4.7	-5.02	-5.08	-4.81	-5.16	-5.02	32.0	
-4.71	-4.69	-4.51	-4.83	-5.11	-5.36	-4.71	-4.67	-4.77	-4.94	-4.7	-4.86	-5.14	-5.02	-5.07	-5.04	32.1	
-4.71	-4.85	-4.59	-4.96	-5.24	-4.93	-4.75	-4.4	-4.96	-4.68	-4.95	-4.8	-5.08	-5.02	-5.11	-5.39	32.2	
-4.85	-4.65	-4.88	-4.77	-5.3	-5.01	-4.75	-4.61	-4.81	-4.62	-4.7	-5.12	-5.01	-4.98	-5.07	-5.33	32.3	
-4.95	-4.73	-4.61	-4.77	-5.13	-5.14	-4.71	-4.59	-4.65	-5.02	-4.74	-5.23	-5.08	-5.33	-5.07	-5.25	32.4	
-4.73	-4.75	-4.59	-5.12	-5.28	-5.43	-4.69	-4.38	-4.73	-4.94	-4.82	-4.98	-5.14	-4.79	-5.2	-5.1	32.5	
-4.71	-4.61	-4.49	-5.06	-5.22	-5.24	-4.69	-4.4	-4.79	-5.06	-4.82	-4.86	-5.14	-5.02	-5.22	-5.29	32.6	
-4.69	-4.75	-4.51	-4.92	-5.11	-5.28	-4.79	-4.48	-4.69	-5.02	-4.72	-4.94	-5.08	-5.04	-5.07	-5.18	32.7	
-4.75	-4.83	-4.51	-4.86	-5.2	-4.91	-4.75	-4.42	-4.94	-4.78	-4.82	-5.27	-5.01	-5.1	-5.09	-5.14	33.0	
-4.95	-4.71	-4.75	-4.81	-5.13	-5.12	-4.81	-4.61	-4.94	-4.88	-4.82	-4.94	-5.08	-5.0	-5.05	-5.39	33.2	
-4.69	-4.63	-4.78	-4.94	-5.2	-4.93	-4.81	-4.42	-4.69	-4.78	-4.64	-4.76	-5.08	-5.1	-5.07	-5.33	33.3	
-4.91	-4.69	-4.55	-5.06	-5.22	-5.08	-4.81	-4.57	-4.9	-4.94	-4.93	-5.12	-5.14	-5.02	-5.18	-5.33	33.4	
-4.57	-4.69	-4.61	-5.06	-5.26	-5.24	-4.69	-4.32	-4.9	-4.98	-4.76	-4.86	-5.2	-5.08	-5.14	-5.46	33.5	
-4.67	-4.67	-4.51	-4.79	-5.18	-5.22	-4.75	-4.63	-4.79	-4.9	-4.66	-5.04	-5.18	-5.04	-5.09	-5.21	33.6	
-4.85	-4.67	-4.49	-4.86	-5.16	-5.28	-4.69	-4.4	-4.77	-4.78	-4.72	-4.96	-5.08	-5.0	-5.2	-5.23	33.7	
-4.77	-4.65	-4.31	-5.02	-5.24	-5.26	-4.75	-4.46	-4.92	-4.42	-4.7	-4.94	-5.08	-5.08	-5.16	-5.14	33.8	
-4.63	-4.67	-4.43	-4.77	-5.05	-5.41	-4.69	-4.61	-4.83	-4.8	-4.76	-4.96	-5.08	-5.06	-5.22	-5.29	34.2	
-4.57	-4.69	-4.49	-4.9	-5.15	-4.95	-4.75	-4.3	-4.63	-4.7	-4.76	-5.19	-5.14	-5.14	-5.16	-5.25	34.3	
-4.57	-4.75	-4.63	-4.86	-5.11	-5.1	-4.75	-4.55	-4.9	-4.98	-4.89	-4.76	-5.14	-5.12	-5.07	-5.08	34.4	
-4.67	-4.69	-4.49	-4.92	-5.3	-5.01	-4.79	-4.57	-4.65	-4.74	-4.76	-4.94	-5.04	-4.92	-5.11	-5.25	34.6	
-4.73	-4.69	-4.45	-5.04	-5.05	-5.08	-4.75	-4.71	-4.96	-4.66	-4.76	-4.96	-5.14	-5.12	-5.07	-5.31	34.7	
-4.97	-4.75	-4.53	-4.9	-5.16	-4.93	-4.75	-4.61	-4.65	-4.76	-4.85	-4.7	-5.14	-5.0	-5.07	-5.19	35.1	
-4.69	-4.73	-4.57	-4.88	-5.2	-5.08	-4.81	-4.51	-4.71	-5.06	-4.7	-4.92	-5.08	-5.02	-5.07	-5.08	35.2	
-4.79	-4.73	-4.59	-5.1	-5.11	-5.26	-4.71	-4.57	-4.63	-4.58	-4.54	-4.84	-5.18	-4.98	-5.18	-5.04	35.3	
-4.65	-4.75	-4.74	-4.92	-5.18	-4.79	-4.81	-4.23	-4.85	-5.04	-4.85	-4.86	-5.14	-5.06	-5.22	-5.06	35.4	
-4.79	-4.61	-4.69	-4.71	-5.2	-5.1	-4.75	-4.55	-4.71	-5.12	-4.82	-4.88	-5.14	-5.16	-5.01	-5.27	35.5	
-4.71	-4.79	-4.71	-4.71	-5.13	-5.24	-4.75	-4.34	-4.75	-4.76	-4.91	-4.94	-5.14	-5.08	-5.16	-5.48	35.6	
-4.61	-4.67	-4.59	-4.84	-5.07	-5.24	-4.75	-4.61	-4.77	-5.0	-4.87	-5.0	-5.14	-5.29	-4.99	-5.1	35.7	
-4.51	-4.59	-4.43	-4.98	-5.22	-5.16	-4.75	-4.55	-4.96	-4.86	-4.76	-4.96	-5.14	-4.92	-5.14	-5.25	35.8	
-4.73	-4.77	-4.59	-5.0	-5.2	-5.01	-4.69	-4.63	-5.02	-4.78	-4.99	-5.12	-5.08	-5.1	-5.03	-5.16	35.9	
-4.83	-4.75	-4.84	-4.88	-5.24	-5.24	-4.69	-4.38	-4.88	-4.6	-4.7	-4.8	-5.24	-5.14	-5.18	-5.18	36.2	
-4.93	-4.67	-4.73	-4.77	-5.18	-4.99	-4.75	-4.63	-4.98	-4.8	-4.91	-4.88	-5.08	-5.0	-5.18	-5.21	36.3	
-4.79	-4.67	-4.59	-5.02	-5.24	-5.28	-4.69	-4.57	-4.94	-4.74	-4.93	-4.96	-5.14	-5.22	-5.14	-5.41	36.4	
-4.71	-4.71	-4.55	-4.88	-5.3	-4.99	-4.86	-4.61	-4.92	-4.8	-4.72	-5.04	-5.14	-5.06	-5.24	-5.39	36.5	
-4.99	-4.73	-4.65	-5.04	-5.11	-5.18	-4.75	-4.53	-4.77	-4.86	-4.76	-4.98	-5.18	-5.14	-5.32	-5.23	36.6	
-4.83	-4.79	-4.78	-4.77	-5.22	-5.37	-4.81	-4.65	-4.75	-5.1	-4.82	-4.96	-5.14	-5.14	-5.16	-5.29	36.8	
-4.79	-4.67	-4.63	-4.84	-5.24	-5.08	-4.81	-4.51	-4.63	-4.92	-4.93	-5.1	-5.14	-5.04	-5.18	-5.46	36.9	
-4.67	-4.91	-4.51	-5.1	-5.13	-5.1	-4.71	-4.57	-4.77	-4.88	-4.8	-5.06	-5.14	-4.96	-5.16	-5.19	37.0	
-4.99	-4.79	-4.57	-4.81	-5.11	-5.01	-4.81	-4.76	-4.85	-4.64	-4.82	-4.65	-5.14	-5.16	-5.09	-5.29	37.1	
-4.85	-4.73	-4.71	-5.02	-5.11	-5.34	-4.75	-4.51	-4.94	-4.92	-4.78	-5.02	-5.14	-5.29	-5.18	-5.23	37.2	
-4.75	-4.73	-4.61	-4.79	-5.11	-5.37	-4.75	-4.67	-4.65	-4.86	-4.72	-4.88	-5.14	-4.98	-5.18	-5.39	37.3	
-4.57	-4.73	-4.59	-5.16	-5.2	-5.26	-4.81	-4.61	-4.75	-5.02	-4.85	-5.06	-5.14	-5.0	-5.11	-5.29	37.4	
-4.89	-4.75	-4.69	-4.77	-5.2	-5.04	-4.81	-4.44	-4.92	-4.64	-4.76	-5.06	-5.14	-5.29	-5.11	-5.35	37.6	
-4.61	-4.81	-4.71	-4.94	-5.16	-5.01	-4.75	-4.36	-4.79	-4.86	-4.93	-5.08	-5.14	-5.02	-5.2	-5.37	37.7	
-4.69	-4.71	-4.51	-5.0	-5.2	-5.04	-4.81	-4.38	-4.98	-5.0	-4.87	-4.94	-5.08	-5.08	-5.24	-5.41	37.8	
-4.97	-4.67	-4.71	-4.77	-5.18	-4.93	-4.81	-4.86	-4.96	-4.92	-4.82	-5.17	-5.18	-5.26	-5.22	-5.41	37.9	
-4.81	-4.73	-4.67	-5.02	-5.18	-5.32	-4.75	-4.57	-4.77	-5.18	-5.03	-4.88	-5.24	-5.08	-5.28	-5.16	38.0	
-5.04	-4.77	-4.61	-5.0	-5.22	-5.2	-4.77	-4.44	-4.9	-5.1	-5.03	-5.12	-5.24	-5.1	-5.24	-5.37	38.1	
-4.69	-4.69	-4.47	-5.06	-5.2	-5.04	-4.86	-4.71	-4.73	-5.08	-5.05	-5.1	-5.14	-5.22	-5.24	-5.5	38.2	
-4.85	-4.79	-4.59	-4.69	-5.16	-5.04	-4.98	-4.95	-5.04	-5.22	-5.31	-5.37	-5.36	-5.41	-5.18	-5.54	38.5	
-4.79	-4.67	-4.75	-4.79	-5.28	-5.37	-4.92	-4.9	-4.83	-5.5	-5.31	-5.33	-5.4	-5.26	-5.26	-5.48	38.6	
-4.48	-4.71	-4.65	-4.92	-5.24	-5.18	-4.86	-4.55	-4.81	-5.32	-5.36	-5.6	-5.5	-5.22	-5.34	-5.54	38.7	
-4.97	-4.81	-4.61	-4.96	-5.13	-5.24	-4.92	-4.67	-4.81	-5.28	-5.42	-5.39	-5.4	-5.33	-5.22	-5.27	38.8	
-4.53	-4.79	-4.55	-4.84	-5.3	-5.22	-4.81	-4.65	-4.92	-5.3	-5.48	-5.62	-5.51	-5.45	-5.16	-5.33	39.0	
-4.71	-4.85	-4.59	-5.06	-5.24	-5.2	-4.88	-4.74	-4.87	-5.44	-5.29	-5.55	-5.4	-5.43	-4.95	-5.5	39.4	
-4.87	-4.69	-4.94	-4.86	-5.3	-5.18	-4.88	-4.82	-4.69	-5.44	-5.42	-5.45	-5.51	-5.16	-4.87	-5.56	39.5	
-4.61	-4.67	-4.69	-4.84	-5.3	-5.37	-4.88	-4.61	-4.92	-5.3	-5.21	-5.55	-5.3	-5.43	-4.49	-5.44	39.6	
-4.61	-4.69	-4.65	-4.79	-5.28	-5.2	-4.92	-4.51	-4.94	-5.4	-5.38	-5.29	-5.3	-5.45	-4.35	-5.19	39.7	
-5.04	-4.69	-4.71	-4.59	-5.24	-5.2	-4.88	-4.51	-4.77	-5.42	-5.25	-5.27	-5.24	-5.14	-4.29	-5.1	39.8	
-4.71	-4.69	-4.53	-4.63	-5.24	-5.47	-4.86	-4.32	-4.85	-5.28	-5.38	-5.25	-5.36	-5.12	-4.14	-5.0	39.9	
-4.83	-4.73	-4.49	-4.88	-5.2	-5.28	-4.81	-4.57	-4.9	-5.2	-5.42	-5.19	-5.3	-5.06	-3.98	-4.83	40.0	
-4.75	-4.73	-4.47	-5.06	-5.28	-5.34	-4.81	-4.44	-4.69	-5.64	-5.42	-5.27	-5.18	-5.14	-3.81	-4.69	40.1	
-4.69	-4.79	-4.88	-4.84	-5.4	-5.34	-4.81	-4.4	-4.77	-5.52	-5.38	-5.47	-5.3	-5.06	-3.71	-4.67	40.2	
-4.85	-4.77	-4.59	-4.88	-5.36	-5.12	-4.81	-4.03	-4.83	-5.56	-5.4	-5.27	-5.4	-5.14	-3.87	-4.75	40.3	
-4.71	-4.85	-4.86	-4.86	-5.3	-5.26	-4.81	-4.21	-4.98	-5.46	-5.5	-5.25	-5.4	-5.31	-3.71	-4.69	40.4	
-4.65	-4.67	-4.57	-4.86	-5.34	-5.26	-4.81	-4.32	-4.92	-5.8	-5.6	-5.57	-5.57	-5.2	-3.69	-4.67	40.5	
-4.81	-4.83	-4.61	-4.86	-5.46	-5.28	-4.71	-4.17	-5.02	-5.58	-5.52	-5.64	-5.5	-5.45	-3.71	-4.62	40.6	
-4.69	-4.75	-4.59	-4.86	-5.4	-5.01	-4.75	-4.07	-5.0	-5.72	-5.52	-5.74	-5.57	-4.98	-3.61	-4.64	40.7	
-4.81	-4.73	-4.8	-4.67	-5.46	-4.99	-4.65	-3.84	-5.04	-5.74	-5.83	-5.82	-5.63	-5.33	-3.32	-4.33	41.1	
-4.53	-4.69	-4.69	-4.9	-5.38	-5.49	-4.54	-3.8	-5.16	-5.62	-5.7	-5.49	-5.73	-5.12	-3.28	-4.29	41.2	
-4.63	-4.83	-4.29	-5.16	-5.46	-5.32	-4.48	-4.11	-5.21	-5.72	-5.68	-5.62	-5.57	-5.16	-3.18	-3.92	41.3	
-4.59	-4.83	-4.67	-4.86	-5.38	-5.61	-4.42	-3.75	-5.16	-5.72	-5.72	-5.72	-5.67	-5.26	-3.26	-4.15	41.4	
-4.65	-4.75	-4.59	-4.92	-5.4	-5.34	-4.42	-3.61	-5.08	-5.78	-5.72	-5.6	-5.57	-5.1	-3.09	-4.02	41.5	
-4.71	-4.79	-4.76	-4.73	-5.52	-5.32	-4.48	-3.75	-5.1	-5.92	-5.79	-5.55	-5.79	-4.83	-3.32	-3.96	41.6	
-4.71	-4.87	-4.51	-5.12	-5.38	-5.59	-4.36	-3.73	-5.08	-5.86	-5.87	-5.7	-5.67	-5.12	-2.97	-3.77	41.7	
-4.93	-4.67	-4.65	-4.79	-5.48	-5.28	-4.44	-3.63	-5.19	-5.86	-5.85	-5.62	-5.67	-5.18	-2.91	-3.67	41.8	
-4.95	-4.79	-4.73	-5.04	-5.61	-5.47	-4.25	-3.61	-4.98	-6.0	-5.97	-5.66	-5.67	-4.57	-2.72	-3.55	42.2	
-4.85	-4.79	-4.88	-4.92	-5.67	-5.37	-4.44	-3.55	-5.25	-5.78	-5.81	-5.7	-5.69	-4.71	-2.66	-3.36	42.4	
-4.77	-4.91	-4.84	-5.33	-5.73	-5.72	-4.27	-3.59	-5.33	-5.84	-5.87	-5.51	-5.73	-4.77	-2.62	-3.42	42.5	
-5.04	-4.95	-4.73	-5.06	-5.65	-5.49	-4.21	-3.73	-5.14	-5.94	-5.81	-5.57	-5.73	-4.71	-2.66	-3.48	42.6	
-4.87	-4.85	-4.78	-4.92	-5.65	-5.49	-4.11	-3.4	-5.45	-5.88	-5.81	-5.94	-5.67	-4.77	-2.58	-3.3	42.8	
-4.85	-4.89	-4.69	-5.18	-5.71	-5.65	-4.21	-3.36	-5.35	-5.8	-5.78	-5.55	-5.69	-4.75	-2.54	-3.46	42.9	
-4.77	-4.73	-5.22	-4.49	-5.63	-5.24	-4.15	-3.11	-5.35	-5.98	-5.91	-5.47	-5.73	-4.41	-2.56	-3.36	43.0	
-4.87	-4.69	-4.67	-5.06	-5.54	-5.53	-3.98	-3.21	-5.27	-5.92	-5.85	-5.9	-5.67	-4.59	-2.33	-3.3	43.1	
-5.07	-4.77	-4.75	-4.92	-5.58	-5.45	-4.02	-3.05	-5.41	-5.86	-5.7	-5.68	-5.73	-4.43	-2.52	-3.19	43.2	
-4.73	-4.71	-4.69	-4.92	-5.58	-5.53	-4.04	-3.21	-5.39	-6.1	-6.01	-5.84	-5.69	-4.38	-2.29	-3.11	43.5	
-4.69	-4.85	-4.96	-4.86	-5.69	-5.34	-3.88	-2.69	-5.27	-6.08	-6.03	-5.74	-5.73	-4.55	-2.21	-2.89	43.8	
-4.97	-4.75	-5.0	-5.02	-5.77	-5.43	-3.71	-2.59	-5.29	-5.92	-5.91	-5.7	-5.73	-4.45	-2.21	-3.03	43.9	
-4.89	-4.75	-4.71	-4.96	-5.69	-5.2	-3.71	-2.76	-5.23	-6.12	-5.97	-5.72	-5.73	-4.63	-2.19	-2.8	44.0	
-4.71	-4.85	-4.67	-5.08	-5.63	-5.34	-3.59	-2.28	-5.35	-6.04	-5.91	-5.86	-5.67	-4.61	-2.15	-2.8	44.1	
-4.75	-4.67	-4.61	-5.04	-5.79	-5.4	-3.65	-2.42	-5.33	-5.78	-5.82	-5.55	-5.73	-4.38	-2.25	-2.91	44.2	
-4.61	-4.85	-4.73	-5.14	-5.79	-5.53	-3.57	-2.76	-5.14	-5.92	-5.78	-5.94	-5.67	-4.4	-2.09	-2.7	44.3	
-4.87	-4.91	-4.79	-5.14	-5.81	-5.43	-3.48	-2.51	-5.45	-5.84	-5.97	-5.66	-5.79	-4.4	-2.17	-2.76	44.4	
-4.77	-4.77	-4.79	-5.06	-5.79	-5.34	-3.48	-2.32	-5.33	-6.04	-5.78	-5.78	-5.79	-4.4	-2.15	-2.6	44.5	
-4.83	-4.75	-4.84	-5.04	-5.79	-5.53	-3.48	-2.42	-5.45	-6.12	-5.99	-5.74	-5.79	-4.43	-2.07	-2.8	44.7	
-4.89	-4.77	-4.92	-5.08	-5.83	-5.51	-3.44	-2.24	-5.37	-6.2	-6.01	-5.8	-5.79	-4.53	-1.94	-2.78	44.8	
-4.73	-4.89	-4.77	-4.98	-5.63	-5.32	-3.44	-2.42	-5.35	-6.12	-6.11	-5.78	-5.73	-4.42	-1.9	-2.58	44.9	
-4.69	-4.83	-4.71	-5.24	-5.73	-5.49	-3.38	-2.26	-5.39	-5.96	-6.05	-6.13	-5.73	-4.4	-2.0	-2.72	45.0	
-4.77	-4.85	-4.92	-5.04	-5.85	-5.67	-3.32	-2.11	-5.47	-5.88	-5.99	-5.84	-5.79	-4.28	-1.96	-2.45	45.1	
-4.73	-4.79	-4.67	-5.06	-5.87	-5.24	-3.32	-1.95	-5.33	-5.98	-6.09	-5.98	-5.73	-4.38	-1.94	-2.76	45.2	
-4.93	-4.83	-4.69	-5.26	-5.81	-5.55	-3.11	-1.97	-5.31	-6.18	-5.93	-5.98	-5.79	-4.18	-1.82	-2.41	45.5	
-4.79	-4.79	-4.84	-4.94	-5.83	-5.32	-3.01	-1.78	-5.45	-5.76	-5.78	-5.74	-5.79	-4.06	-1.88	-2.39	45.9	
-4.81	-4.83	-4.88	-4.98	-5.77	-5.51	-2.88	-1.76	-5.29	-6.04	-5.87	-5.8	-5.73	-3.91	-1.94	-2.49	46.0	
-5.14	-4.79	-5.14	-4.87	-5.87	-5.24	-2.84	-1.66	-5.39	-6.22	-6.05	-5.86	-5.79	-4.06	-1.68	-2.31	46.3	
-4.87	-4.81	-4.88	-5.14	-6.02	-5.42	-2.78	-1.6	-5.37	-6.14	-6.03	-5.78	-5.79	-4.02	-1.68	-2.14	46.4	
-4.71	-4.85	-4.94	-4.98	-5.95	-5.36	-2.68	-1.68	-5.54	-5.94	-5.95	-5.63	-5.85	-3.85	-1.78	-2.31	46.5	
-4.85	-4.79	-4.79	-4.94	-5.85	-5.55	-2.76	-1.68	-5.45	-6.3	-6.32	-5.66	-5.83	-3.83	-1.86	-2.25	46.6	
-4.71	-4.97	-4.94	-4.9	-5.79	-5.65	-2.72	-1.53	-5.19	-6.02	-5.91	-5.78	-5.85	-3.98	-1.72	-2.25	46.7	
-4.99	-4.91	-4.84	-5.06	-5.89	-5.43	-2.61	-1.64	-5.41	-6.22	-6.07	-5.45	-5.73	-3.55	-1.64	-2.1	46.8	
-4.71	-4.83	-4.81	-5.14	-5.89	-5.26	-2.57	-1.33	-5.48	-6.16	-6.13	-5.53	-5.89	-3.77	-1.76	-2.27	46.9	
-4.73	-4.77	-4.96	-4.98	-5.93	-5.55	-2.49	-1.55	-5.45	-6.12	-6.07	-5.78	-5.79	-3.49	-1.82	-2.21	47.0	
-4.77	-4.95	-4.77	-5.0	-5.85	-5.32	-2.45	-1.45	-5.29	-6.04	-6.09	-5.63	-5.79	-3.73	-1.47	-2.33	47.1	
-4.79	-4.83	-4.94	-5.18	-6.02	-5.26	-2.51	-1.53	-5.5	-6.02	-5.97	-5.57	-5.83	-3.41	-1.76	-2.12	47.2	
-4.65	-4.97	-4.73	-5.16	-6.02	-5.47	-2.39	-1.29	-5.54	-6.14	-6.24	-5.66	-5.83	-3.77	-1.64	-2.12	47.3	
-4.79	-4.93	-4.96	-4.96	-5.95	-5.2	-2.43	-1.12	-5.33	-6.04	-5.97	-5.66	-5.85	-3.55	-1.64	-2.02	47.4	
-4.93	-4.87	-4.94	-5.18	-6.0	-5.38	-2.28	-1.22	-5.43	-6.08	-6.05	-5.78	-5.85	-3.35	-1.58	-1.98	47.6	
-4.89	-4.91	-4.86	-5.18	-5.89	-5.65	-2.28	-1.33	-5.52	-5.96	-6.11	-5.55	-5.83	-3.18	-1.78	-2.23	47.7	
-4.63	-4.99	-4.73	-5.08	-5.95	-5.45	-2.22	-1.29	-5.43	-6.06	-5.95	-5.57	-5.83	-3.24	-1.64	-1.88	47.8	
-4.67	-4.95	-4.88	-5.18	-5.93	-5.36	-2.24	-1.16	-5.52	-6.06	-6.13	-5.64	-5.89	-3.12	-1.64	-1.98	47.9	
-4.79	-4.89	-4.77	-5.26	-6.04	-5.18	-2.24	-1.27	-5.45	-6.22	-6.11	-5.33	-5.79	-3.31	-1.45	-2.12	48.0	
-4.75	-4.87	-4.9	-5.2	-5.98	-5.53	-2.14	-1.14	-5.49	-5.94	-5.89	-5.57	-5.79	-3.06	-1.49	-1.96	48.1	
-4.93	-4.89	-4.65	-5.14	-5.87	-5.45	-2.26	-1.18	-5.64	-6.1	-6.15	-5.47	-5.85	-3.24	-1.54	-2.0	48.2	
-4.87	-4.97	-5.04	-5.08	-6.12	-5.26	-2.16	-0.94	-5.43	-6.34	-5.91	-5.66	-5.83	-3.22	-1.37	-2.04	48.3	
-4.73	-4.89	-4.94	-5.18	-6.04	-5.61	-2.12	-1.12	-5.43	-5.94	-5.87	-5.18	-5.85	-3.0	-1.47	-2.12	48.4	
-4.93	-5.01	-4.86	-5.1	-6.02	-5.43	-2.08	-1.43	-5.33	-6.22	-6.19	-5.29	-5.89	-3.12	-1.7	-2.17	48.5	
-4.97	-4.83	-4.81	-5.22	-5.95	-5.36	-2.18	-1.18	-5.48	-6.02	-6.03	-5.57	-5.83	-3.16	-1.47	-2.14	48.6	
-4.97	-4.99	-4.88	-5.06	-6.02	-5.43	-2.02	-1.39	-5.6	-5.96	-6.13	-5.16	-5.83	-3.18	-1.58	-2.1	48.7	
-4.71	-5.01	-4.75	-5.14	-5.98	-5.43	-1.95	-1.14	-5.74	-6.2	-6.13	-5.33	-5.85	-2.78	-1.41	-1.86	48.8	
-4.83	-4.83	-4.75	-5.12	-6.08	-5.43	-1.89	-1.25	-5.72	-6.26	-5.99	-5.43	-5.79	-2.84	-1.6	-2.02	48.9	
-5.03	-4.95	-4.94	-5.18	-6.0	-5.41	-1.95	-1.18	-5.43	-6.44	-6.11	-5.37	-5.83	-3.0	-1.47	-1.96	49.0	
-4.81	-4.99	-4.96	-5.1	-6.02	-5.34	-1.83	-1.02	-5.66	-5.98	-6.05	-5.08	-5.83	-3.02	-1.51	-1.86	49.1	
-4.97	-4.91	-4.79	-5.12	-6.06	-5.22	-1.89	-1.31	-5.64	-6.28	-6.11	-5.25	-5.83	-2.82	-1.37	-1.86	49.2	
-4.52	-4.95	-4.73	-5.16	-5.98	-5.16	-1.79	-1.12	-5.54	-6.0	-6.03	-5.51	-5.85	-2.94	-1.49	-1.84	49.4	
-4.71	-4.87	-4.77	-5.16	-6.02	-5.32	-1.79	-1.0	-5.78	-6.06	-6.11	-5.55	-5.89	-2.66	-1.45	-1.88	49.5	
-4.95	-4.99	-4.86	-5.18	-6.04	-5.12	-1.85	-1.31	-5.39	-6.5	-6.19	-5.53	-5.83	-2.6	-1.43	-1.88	49.6	
-4.91	-5.01	-5.1	-5.16	-6.14	-5.49	-1.69	-1.12	-5.49	-5.84	-5.87	-5.37	-5.89	-2.88	-1.49	-1.98	49.7	
-4.93	-5.05	-4.84	-5.2	-5.98	-5.53	-1.67	-1.29	-5.35	-6.18	-6.01	-5.23	-5.89	-2.8	-1.43	-1.88	49.8	
-5.03	-5.01	-4.98	-5.34	-6.08	-5.22	-1.75	-1.08	-5.45	-6.14	-5.95	-5.61	-5.83	-2.88	-1.35	-1.84	49.9	
-4.97	-5.01	-4.82	-5.26	-5.98	-5.3	-1.81	-1.1	-5.68	-6.28	-6.15	-5.39	-5.83	-2.62	-1.45	-1.92	50.0	
-5.03	-4.93	-4.77	-5.18	-6.1	-5.49	-1.69	-1.2	-5.43	-6.51	-6.11	-5.53	-5.89	-2.76	-1.37	-1.84	50.1	
-4.71	-5.01	-5.0	-5.28	-6.12	-5.34	-1.79	-1.16	-5.5	-6.14	-6.05	-5.61	-5.79	-2.8	-1.29	-1.69	50.2	
-4.63	-5.01	-4.69	-5.2	-6.18	-5.3	-1.79	-1.02	-5.62	-6.2	-6.15	-5.49	-5.89	-2.68	-1.41	-1.92	50.3	
-4.87	-5.01	-4.86	-5.2	-6.08	-5.32	-1.69	-1.25	-5.56	-6.02	-5.85	-5.45	-5.85	-2.76	-1.43	-1.75	50.4	
-4.73	-4.95	-4.59	-5.39	-6.14	-5.12	-1.73	-1.16	-5.68	-6.22	-6.13	-5.18	-5.89	-2.64	-1.39	-1.73	50.5	
-4.93	-4.95	-5.04	-5.14	-6.18	-5.26	-1.62	-0.98	-5.5	-6.2	-5.97	-5.43	-5.79	-2.52	-1.39	-1.82	50.6	
-4.75	-5.01	-4.84	-5.35	-6.12	-5.16	-1.67	-1.08	-5.58	-6.48	-6.03	-5.14	-5.83	-2.44	-1.37	-1.71	50.7	
-4.77	-4.99	-4.71	-5.28	-6.18	-5.34	-1.58	-0.98	-5.74	-6.38	-5.93	-5.12	-5.83	-2.48	-1.43	-1.63	50.8	
-4.63	-4.99	-4.61	-5.16	-6.1	-5.57	-1.56	-1.18	-5.52	-6.28	-5.91	-5.29	-5.89	-2.31	-1.31	-1.98	51.2	
-4.71	-4.93	-4.94	-5.14	-6.24	-5.14	-1.65	-1.02	-5.66	-6.34	-5.91	-4.94	-5.79	-2.42	-1.31	-1.76	51.3	
-4.87	-5.01	-4.88	-5.24	-6.04	-5.12	-1.58	-0.88	-5.58	-6.22	-5.97	-5.08	-5.85	-2.25	-1.35	-1.78	51.4	
-4.79	-4.95	-4.8	-5.02	-6.02	-5.28	-1.52	-1.16	-5.56	-6.16	-5.85	-5.04	-5.85	-2.15	-1.43	-1.49	51.5	
-4.91	-4.89	-4.88	-5.04	-6.06	-5.32	-1.5	-1.1	-5.68	-6.0	-5.93	-5.49	-5.79	-2.44	-1.31	-1.92	51.9	
-4.87	-4.95	-4.98	-4.98	-6.04	-5.47	-1.42	-0.77	-5.68	-6.12	-6.03	-5.43	-5.83	-2.19	-1.25	-1.63	52.0	
-5.01	-4.99	-4.67	-5.24	-6.12	-5.37	-1.4	-0.96	-5.66	-6.18	-5.99	-5.25	-5.85	-2.19	-1.39	-1.8	52.1	
-4.81	-4.99	-4.84	-5.28	-6.06	-5.32	-1.42	-0.69	-5.58	-6.3	-6.15	-5.39	-5.79	-2.25	-1.33	-1.53	52.2	
-4.97	-4.91	-5.0	-5.14	-6.06	-5.43	-1.42	-0.81	-5.54	-6.24	-5.95	-5.43	-5.79	-2.29	-1.29	-1.55	52.3	
-4.83	-5.01	-5.0	-5.22	-6.12	-5.34	-1.36	-0.9	-5.78	-6.2	-6.07	-5.29	-5.83	-2.09	-1.33	-1.67	52.4	
-4.63	-4.95	-4.67	-5.35	-6.04	-5.16	-1.3	-0.75	-5.49	-6.45	-6.07	-5.39	-5.79	-2.33	-1.27	-1.76	52.5	
-4.99	-4.89	-4.8	-5.18	-6.1	-4.99	-1.42	-0.79	-5.72	-6.3	-6.26	-4.94	-5.79	-2.42	-1.29	-1.71	52.6	
-4.93	-4.91	-5.0	-5.1	-6.0	-5.49	-1.25	-0.88	-5.64	-6.06	-6.07	-4.8	-5.89	-2.03	-1.33	-1.82	52.7	
-4.95	-5.02	-4.92	-5.28	-6.12	-5.16	-1.28	-0.69	-5.6	-6.26	-5.85	-5.04	-5.83	-1.81	-1.5	-1.63	52.8	
-4.87	-4.89	-4.88	-5.04	-6.1	-5.2	-1.25	-0.77	-5.62	-6.18	-5.95	-4.98	-5.83	-2.07	-1.41	-1.47	52.9	
-4.89	-4.95	-4.78	-5.16	-6.12	-5.12	-1.3	-0.85	-5.52	-6.47	-6.01	-5.06	-5.85	-1.89	-1.25	-1.55	53.0	
-4.95	-4.95	-4.94	-5.26	-6.06	-5.26	-1.3	-0.67	-5.74	-6.3	-5.89	-5.16	-5.83	-1.87	-1.27	-1.59	53.1	
-4.95	-4.93	-4.78	-5.28	-6.12	-5.06	-1.3	-0.85	-5.54	-6.0	-5.83	-4.63	-5.73	-2.17	-1.17	-1.57	53.2	
-5.1	-5.06	-5.14	-5.22	-6.14	-5.26	-1.25	-0.9	-5.7	-6.22	-5.97	-5.04	-5.79	-2.07	-1.19	-1.51	53.3	
-4.91	-5.06	-5.06	-5.3	-6.24	-5.22	-1.3	-0.79	-5.66	-6.12	-5.93	-4.9	-5.79	-2.03	-1.25	-1.61	53.4	
-4.81	-5.02	-4.92	-5.02	-6.02	-5.18	-1.3	-0.83	-5.86	-6.18	-6.13	-4.9	-5.79	-1.89	-1.11	-1.51	53.5	
-5.12	-5.08	-4.71	-5.39	-6.02	-5.3	-1.3	-0.85	-5.62	-6.39	-5.81	-5.23	-5.73	-1.79	-1.23	-1.59	53.6	
-4.79	-4.95	-4.86	-5.33	-6.18	-5.1	-1.36	-0.9	-5.64	-6.28	-5.85	-5.0	-5.79	-2.05	-1.21	-1.55	53.8	
-4.69	-4.99	-4.82	-5.14	-6.14	-5.3	-1.3	-0.94	-5.62	-6.51	-5.95	-5.12	-5.73	-2.01	-1.27	-1.59	53.9	
-4.83	-5.08	-4.86	-5.12	-6.12	-5.12	-1.36	-0.85	-5.41	-6.16	-5.83	-5.43	-5.79	-1.87	-1.09	-1.61	54.0	
-5.01	-4.95	-4.71	-5.3	-6.12	-5.3	-1.36	-0.98	-5.64	-6.06	-5.93	-4.76	-5.79	-1.63	-1.35	-1.69	54.1	
-4.73	-5.08	-4.78	-5.22	-6.06	-5.37	-1.34	-0.88	-5.78	-6.3	-5.68	-4.82	-5.79	-1.87	-1.17	-1.59	54.2	
-4.97	-4.89	-4.94	-5.28	-6.22	-5.28	-1.3	-0.69	-5.58	-6.22	-5.85	-5.04	-5.73	-1.69	-1.13	-1.53	54.3	
-4.85	-4.99	-4.84	-5.14	-6.12	-5.16	-1.4	-0.63	-5.78	-6.22	-5.91	-4.86	-5.79	-1.73	-1.19	-1.61	54.4	
-4.73	-4.99	-4.84	-5.26	-6.1	-5.2	-1.36	-0.69	-5.52	-6.2	-5.66	-5.0	-5.83	-1.65	-1.21	-1.57	54.5	
-4.53	-4.99	-4.75	-5.37	-6.1	-5.32	-1.36	-1.18	-5.76	-6.04	-5.81	-4.92	-5.79	-1.73	-1.23	-1.37	54.6	
-4.97	-4.89	-4.96	-5.24	-6.12	-5.3	-1.3	-0.98	-5.41	-6.57	-5.74	-5.21	-5.73	-1.41	-1.27	-1.59	54.7	
-5.1	-4.95	-4.77	-5.26	-6.16	-4.99	-1.36	-0.69	-5.68	-6.2	-6.03	-4.61	-5.79	-1.71	-1.17	-1.43	54.8	
-5.01	-5.01	-4.82	-5.39	-6.08	-5.12	-1.3	-0.83	-5.68	-6.53	-5.97	-5.04	-5.79	-1.45	-1.09	-1.59	55.0	
-4.87	-5.14	-4.63	-5.41	-6.06	-5.28	-1.25	-0.83	-5.58	-6.22	-5.64	-5.16	-5.63	-1.81	-1.25	-1.59	55.1	
-4.97	-5.12	-5.02	-5.14	-6.16	-5.01	-1.36	-0.9	-5.86	-6.28	-5.78	-5.02	-5.73	-1.59	-1.15	-1.39	55.2	
-4.97	-4.93	-4.88	-5.14	-6.18	-4.95	-1.4	-0.79	-5.72	-6.2	-5.78	-5.1	-5.73	-1.79	-1.09	-1.39	55.3	
-5.1	-4.97	-5.12	-5.14	-6.16	-5.18	-1.3	-0.92	-5.62	-6.18	-5.85	-5.02	-5.73	-1.45	-0.98	-1.49	55.4	
-4.91	-5.08	-5.0	-5.12	-6.04	-5.06	-1.42	-0.81	-5.78	-6.43	-5.95	-5.1	-5.73	-1.55	-1.29	-1.69	55.5	
-4.77	-5.02	-4.9	-5.33	-6.12	-5.01	-1.36	-0.96	-5.74	-6.22	-5.93	-5.21	-5.73	-1.75	-1.03	-1.41	55.6	
-4.77	-4.95	-4.98	-5.18	-6.2	-4.99	-1.32	-0.79	-5.76	-6.12	-5.87	-5.12	-5.73	-1.61	-1.07	-1.55	55.7	
-4.69	-5.02	-4.94	-5.0	-6.06	-5.18	-1.3	-0.75	-5.66	-6.28	-5.83	-5.29	-5.73	-1.71	-1.13	-1.63	55.8	
-4.87	-5.06	-5.08	-5.35	-6.22	-5.06	-1.23	-0.79	-5.78	-6.18	-5.93	-5.29	-5.79	-1.65	-1.13	-1.57	55.9	
-4.81	-5.08	-4.71	-5.43	-6.22	-5.18	-1.19	-0.67	-5.58	-5.94	-5.7	-4.74	-5.73	-1.81	-1.23	-1.67	56.0	
-5.06	-5.02	-5.0	-5.2	-6.14	-5.3	-1.23	-0.75	-5.64	-6.22	-5.87	-5.17	-5.67	-1.77	-1.11	-1.39	56.1	
-4.79	-4.95	-4.76	-5.2	-6.06	-4.95	-1.23	-0.75	-5.76	-6.2	-5.93	-5.08	-5.73	-1.57	-1.05	-1.41	56.2	
-5.06	-4.99	-4.98	-5.37	-6.1	-5.12	-1.25	-0.63	-5.95	-6.18	-5.99	-5.19	-5.73	-1.47	-1.37	-1.43	56.3	
-4.87	-4.99	-4.98	-5.18	-6.12	-5.04	-1.25	-0.61	-5.45	-6.32	-5.91	-5.12	-5.73	-1.67	-1.01	-1.3	56.4	
-4.87	-5.06	-5.12	-5.26	-6.16	-4.93	-1.25	-0.53	-5.6	-6.36	-6.07	-5.29	-5.67	-1.53	-1.13	-1.43	56.5	
-4.93	-5.02	-5.02	-5.37	-6.06	-5.24	-1.23	-0.65	-5.76	-6.53	-6.07	-5.29	-5.73	-1.67	-0.94	-1.18	56.6	
-4.97	-5.02	-4.88	-5.41	-6.22	-4.93	-1.19	-0.57	-5.66	-6.14	-6.03	-5.41	-5.73	-1.61	-0.96	-1.49	56.7	
-4.99	-5.08	-4.82	-5.26	-6.02	-4.93	-1.23	-0.65	-5.7	-6.3	-5.97	-5.23	-5.79	-1.99	-1.05	-1.41	56.8	
-4.83	-5.06	-4.78	-5.26	-6.04	-5.24	-1.19	-0.59	-5.8	-6.45	-6.05	-5.31	-5.73	-1.59	-1.01	-1.2	56.9	
-4.95	-4.97	-4.92	-5.26	-6.14	-5.12	-1.17	-0.59	-5.95	-6.41	-5.93	-5.49	-5.67	-1.97	-0.92	-1.35	57.0	
-4.89	-5.06	-5.0	-5.37	-6.12	-5.08	-1.15	-0.55	-5.64	-6.49	-5.89	-5.23	-5.79	-1.73	-0.94	-1.57	57.1	
-5.22	-4.95	-5.08	-5.08	-6.08	-5.24	-1.09	-0.48	-5.78	-6.34	-5.79	-5.29	-5.73	-1.67	-1.07	-1.16	57.2	
-4.81	-5.08	-4.88	-5.28	-6.18	-5.22	-1.11	-0.55	-5.72	-6.3	-5.85	-5.19	-5.73	-1.53	-1.29	-1.28	57.3	
-4.81	-5.12	-4.86	-5.35	-6.04	-5.1	-1.09	-0.46	-5.8	-6.49	-5.93	-5.06	-5.69	-1.77	-0.99	-1.32	57.4	
-4.85	-4.99	-5.06	-5.37	-6.08	-5.3	-1.01	-0.32	-5.7	-6.2	-5.87	-5.12	-5.73	-1.59	-1.13	-1.32	57.5	
-4.65	-4.95	-4.88	-5.33	-6.02	-5.18	-1.07	-0.71	-5.74	-6.39	-6.09	-5.1	-5.79	-1.69	-1.05	-1.28	57.6	
-4.75	-4.99	-5.02	-5.37	-6.06	-4.99	-0.99	-0.48	-5.58	-6.28	-5.81	-5.19	-5.79	-1.47	-1.01	-1.3	57.7	
-5.02	-4.99	-4.76	-5.35	-6.1	-5.01	-1.13	-0.67	-5.88	-6.36	-5.83	-5.27	-5.67	-1.59	-1.01	-1.55	57.8	
-4.69	-4.99	-4.84	-5.22	-6.12	-5.2	-0.93	-0.59	-6.07	-6.28	-5.91	-5.33	-5.79	-1.67	-0.99	-1.3	57.9	
-5.24	-4.99	-5.39	-5.2	-6.08	-4.99	-1.01	-0.55	-5.72	-6.36	-5.95	-5.57	-5.67	-1.71	-1.01	-1.06	58.2	
-4.67	-5.12	-5.16	-5.59	-6.22	-4.69	-0.99	-0.36	-5.82	-6.47	-6.13	-5.55	-5.73	-1.39	-1.03	-1.14	58.3	
-4.81	-5.06	-5.26	-5.14	-6.12	-4.99	-0.99	-0.42	-5.8	-6.55	-6.05	-5.39	-5.79	-1.63	-1.15	-1.45	58.4	
-5.22	-5.12	-4.96	-5.37	-5.91	-5.08	-0.91	-0.53	-5.88	-6.49	-6.17	-5.78	-5.79	-1.55	-1.05	-1.32	58.5	
-4.77	-4.99	-5.1	-5.35	-6.02	-5.12	-0.86	-0.53	-5.93	-6.28	-6.34	-5.55	-5.79	-1.75	-1.03	-1.28	58.6	
-5.1	-4.97	-5.26	-5.2	-6.06	-4.85	-0.91	-0.24	-5.97	-6.34	-5.91	-5.41	-5.79	-1.55	-1.09	-1.24	58.7	
-5.2	-5.12	-5.08	-5.33	-6.1	-4.87	-0.97	-0.42	-5.82	-6.38	-6.13	-5.47	-5.73	-1.89	-1.03	-1.37	58.8	
-4.87	-5.12	-5.04	-5.39	-6.28	-5.08	-0.97	-0.2	-5.93	-6.34	-5.95	-5.33	-5.79	-1.59	-0.96	-1.2	58.9	
-4.97	-5.12	-5.02	-5.33	-5.98	-4.75	-0.93	-0.34	-5.9	-6.57	-5.85	-5.41	-5.79	-1.75	-1.09	-1.28	59.0	
-4.89	-5.12	-5.1	-5.63	-6.2	-4.99	-0.97	-0.53	-5.86	-6.2	-5.89	-5.1	-5.83	-1.71	-1.21	-1.37	59.1	
-5.01	-5.06	-5.06	-5.39	-6.02	-4.87	-0.91	-0.2	-5.7	-6.63	-5.72	-5.39	-5.73	-1.65	-1.11	-1.32	59.2	
-4.93	-5.12	-5.2	-5.49	-6.08	-5.01	-0.8	-0.2	-5.78	-6.51	-5.87	-5.29	-5.73	-1.87	-0.86	-1.06	59.3	
-4.91	-5.14	-5.1	-5.2	-6.12	-4.93	-0.82	-0.34	-5.8	-6.36	-5.79	-5.14	-5.67	-1.57	-1.01	-1.28	59.4	
-4.85	-5.06	-5.1	-5.43	-6.12	-4.81	-0.93	-0.46	-5.95	-6.45	-5.79	-5.14	-5.67	-1.59	-0.9	-1.28	59.5	
-4.97	-5.06	-5.14	-5.39	-6.12	-4.99	-0.86	-0.38	-5.88	-6.47	-5.91	-5.29	-5.67	-1.73	-0.99	-1.0	59.6	
-4.89	-5.06	-5.18	-5.49	-6.14	-5.01	-0.8	-0.42	-5.9	-6.53	-5.83	-5.37	-5.73	-1.69	-0.96	-1.28	59.7	
-4.73	-5.16	-5.04	-5.61	-6.12	-4.79	-0.8	-0.36	-5.76	-6.34	-5.79	-5.27	-5.73	-1.53	-0.94	-1.28	59.8	
-4.77	-5.18	-5.08	-5.37	-6.12	-4.91	-0.93	-0.44	-5.95	-6.3	-5.68	-5.1	-5.69	-1.65	-0.94	-1.18	59.9	
-4.95	-5.04	-5.1	-5.26	-6.08	-4.93	-0.91	-0.49	-5.76	-6.75	-5.72	-5.1	-5.63	-1.51	-1.01	-1.22	60.3	
-4.95	-5.02	-5.08	-5.24	-6.2	-4.75	-0.86	-0.51	-5.9	-6.2	-5.54	-4.88	-5.57	-1.43	-1.03	-1.35	60.4	
-4.87	-5.08	-4.84	-5.26	-6.2	-4.77	-1.03	-0.53	-5.8	-6.47	-5.68	-5.25	-5.57	-1.39	-1.05	-1.3	60.5	
-5.22	-5.1	-5.2	-5.22	-6.06	-4.77	-0.91	-0.57	-5.97	-6.53	-5.74	-5.27	-5.57	-1.57	-0.95	-1.24	60.6	
-5.08	-5.06	-4.94	-5.31	-6.0	-4.77	-0.84	-0.65	-5.92	-6.28	-5.54	-5.19	-5.53	-1.29	-0.84	-1.12	60.7	
-4.87	-5.08	-5.06	-5.33	-6.08	-4.87	-0.74	-0.38	-5.84	-6.49	-5.85	-5.1	-5.67	-1.43	-1.11	-1.3	60.8	
-5.02	-5.0	-5.31	-5.24	-6.06	-4.85	-0.86	-0.53	-5.86	-6.55	-6.01	-5.45	-5.63	-1.41	-1.05	-1.18	60.9	
-4.83	-5.18	-5.1	-5.26	-6.04	-4.64	-0.82	-0.46	-5.95	-6.39	-5.97	-5.41	-5.63	-1.55	-0.88	-1.16	61.0	
-5.06	-5.12	-5.04	-5.55	-6.08	-4.83	-0.84	-0.42	-6.17	-6.47	-5.97	-5.23	-5.63	-1.61	-0.88	-1.26	61.1	
-4.97	-5.12	-5.08	-5.41	-6.04	-4.75	-0.93	-0.09	-5.93	-6.49	-5.62	-5.47	-5.57	-1.63	-0.92	-1.41	61.2	
-4.79	-5.12	-5.0	-5.45	-6.14	-4.67	-0.89	-0.49	-5.9	-6.65	-5.97	-5.19	-5.63	-1.63	-1.05	-1.3	61.3	
-4.69	-5.02	-5.1	-5.26	-6.14	-4.81	-0.91	-0.34	-6.11	-6.14	-5.7	-5.47	-5.57	-1.65	-0.84	-1.22	61.4	
-5.14	-5.1	-4.94	-5.51	-6.12	-4.87	-0.86	-0.51	-6.03	-6.51	-6.07	-5.23	-5.67	-1.73	-0.86	-1.22	61.5	
-4.95	-5.1	-5.02	-5.51	-6.04	-4.83	-0.8	-0.18	-5.76	-6.55	-5.77	-5.27	-5.63	-1.67	-0.78	-1.12	61.6	
-4.87	-5.24	-4.94	-5.59	-6.1	-4.79	-0.82	-0.36	-5.84	-6.33	-5.77	-5.1	-5.63	-1.69	-0.97	-1.39	61.7	
-5.08	-5.06	-5.08	-5.16	-6.14	-4.89	-0.86	-0.36	-5.76	-6.43	-5.52	-5.02	-5.51	-1.39	-1.05	-1.14	62.1	
-4.85	-5.22	-4.92	-5.53	-6.16	-4.89	-0.8	-0.38	-5.86	-6.47	-5.66	-5.15	-5.46	-1.47	-0.95	-1.0	62.2	
-5.16	-5.24	-5.04	-5.49	-6.02	-4.79	-0.8	-0.34	-5.86	-6.37	-5.52	-5.62	-5.4	-1.63	-0.82	-1.1	62.3	
-5.02	-5.08	-4.94	-5.43	-5.98	-4.79	-0.82	-0.38	-5.88	-6.28	-5.36	-5.15	-5.51	-1.43	-0.86	-1.08	62.4	
-4.97	-5.02	-5.08	-5.43	-6.02	-4.87	-0.84	-0.36	-5.97	-6.45	-5.58	-5.17	-5.51	-1.35	-0.82	-1.04	62.5	
-4.83	-5.16	-5.22	-5.53	-6.08	-4.67	-0.76	-0.42	-5.8	-6.53	-5.68	-5.31	-5.46	-1.49	-1.01	-1.14	62.6	
-4.95	-5.12	-4.98	-5.31	-5.98	-4.77	-0.82	-0.32	-5.95	-6.22	-5.58	-5.47	-5.4	-1.37	-0.88	-1.22	62.7	
-4.95	-5.12	-5.02	-5.51	-6.0	-4.97	-0.82	-0.34	-5.86	-6.25	-5.4	-5.19	-5.34	-1.29	-0.95	-0.96	62.8	
-5.28	-5.16	-4.98	-5.59	-6.04	-4.75	-0.72	-0.2	-5.82	-6.47	-5.52	-5.29	-5.34	-1.39	-0.88	-1.31	62.9	
-4.87	-5.04	-5.04	-5.33	-6.12	-4.85	-0.8	-0.53	-5.78	-6.41	-5.62	-5.66	-5.34	-1.47	-0.82	-1.18	63.0	
-5.1	-5.18	-5.16	-5.31	-6.0	-5.08	-0.74	-0.53	-6.05	-6.06	-5.58	-5.35	-5.4	-1.43	-0.8	-1.12	63.1	
-4.67	-5.12	-4.96	-5.53	-5.94	-4.93	-0.68	-0.34	-5.92	-6.18	-5.6	-4.94	-5.47	-1.33	-1.01	-1.28	63.2	
-4.85	-5.0	-4.88	-5.33	-6.02	-4.97	-0.8	-0.53	-6.07	-6.35	-5.62	-5.35	-5.36	-1.07	-1.05	-1.1	63.3	
-4.83	-5.16	-4.88	-5.53	-6.12	-4.81	-0.76	-0.28	-5.8	-6.51	-5.62	-5.13	-5.34	-1.29	-0.97	-1.2	63.4	
-4.93	-5.08	-5.04	-5.24	-5.98	-4.54	-0.8	-0.47	-6.09	-6.39	-5.56	-5.19	-5.36	-1.09	-0.93	-1.18	63.5	
-5.06	-5.02	-4.98	-5.43	-6.1	-4.6	-0.82	-0.16	-5.86	-6.27	-5.48	-5.1	-5.3	-1.13	-1.05	-1.28	63.6	
-4.87	-5.14	-4.9	-5.37	-6.02	-5.0	-0.7	-0.38	-5.95	-6.27	-5.64	-4.8	-5.3	-1.13	-0.95	-1.22	63.7	
-5.08	-5.0	-4.98	-5.45	-6.06	-4.58	-0.72	-0.36	-5.82	-6.53	-5.48	-5.1	-5.3	-1.11	-1.01	-0.96	64.1	
-5.24	-5.12	-4.84	-5.26	-5.89	-4.62	-0.76	-0.38	-5.84	-6.29	-5.25	-5.29	-5.24	-1.25	-0.95	-1.12	64.2	
-5.22	-5.06	-5.08	-5.29	-5.98	-4.77	-0.76	-0.38	-5.92	-6.35	-5.23	-5.39	-5.14	-1.19	-0.92	-1.3	64.3	
-4.95	-5.16	-4.96	-5.31	-5.98	-4.54	-0.76	-0.38	-5.7	-6.53	-5.42	-5.15	-5.14	-1.29	-0.78	-1.02	64.7	
-4.87	-5.04	-5.08	-5.31	-6.08	-4.58	-0.64	-0.34	-5.8	-6.53	-5.74	-5.19	-5.18	-1.01	-0.99	-1.3	64.8	
-5.02	-5.18	-4.94	-5.51	-6.06	-4.58	-0.64	-0.36	-5.7	-6.33	-5.56	-5.15	-5.08	-1.27	-0.8	-1.14	64.9	
-4.93	-5.1	-4.9	-5.45	-5.94	-4.67	-0.7	-0.51	-5.72	-6.43	-5.42	-5.0	-5.02	-0.99	-0.78	-1.06	65.0	
-5.14	-5.12	-4.98	-5.37	-5.96	-4.58	-0.76	-0.53	-5.76	-6.37	-5.48	-5.15	-5.08	-1.03	-0.92	-1.22	65.1	
-5.0	-5.16	-4.8	-5.57	-6.08	-4.69	-0.66	-0.49	-5.8	-6.51	-5.64	-5.23	-5.12	-1.13	-0.7	-1.14	65.2	
-5.08	-5.0	-5.12	-5.31	-5.98	-4.64	-0.64	-0.4	-5.92	-6.37	-5.4	-5.23	-5.08	-1.13	-0.82	-1.39	65.3	
-4.85	-5.06	-5.06	-5.26	-5.96	-4.77	-0.74	-0.44	-5.78	-6.32	-5.48	-5.06	-5.08	-1.03	-0.84	-1.12	65.4	
-4.97	-5.16	-5.0	-5.33	-6.02	-4.46	-0.76	-0.38	-5.97	-6.28	-5.48	-4.86	-5.02	-0.95	-0.88	-1.28	65.5	
-4.73	-5.14	-5.16	-5.33	-5.98	-4.64	-0.68	-0.51	-5.6	-6.51	-5.36	-5.02	-5.08	-0.99	-0.84	-1.08	65.6	
-5.08	-5.12	-5.02	-5.51	-6.06	-4.58	-0.76	-0.4	-5.95	-6.45	-5.31	-4.9	-4.97	-0.95	-0.74	-1.02	65.7	
-5.08	-5.06	-4.86	-5.47	-5.98	-4.44	-0.74	-0.57	-5.8	-6.39	-5.42	-5.04	-5.02	-1.07	-0.74	-1.3	65.8	
-5.16	-4.99	-4.9	-5.49	-5.89	-4.66	-0.76	-0.88	-5.72	-6.53	-5.31	-5.21	-5.01	-0.95	-0.84	-1.12	65.9	
-4.93	-5.06	-4.92	-5.47	-6.0	-4.44	-0.74	-0.42	-5.91	-6.43	-5.31	-4.96	-5.01	-1.13	-0.7	-1.08	66.0	
-4.93	-5.12	-4.92	-5.39	-6.0	-4.54	-0.72	-0.53	-5.64	-6.38	-5.44	-5.16	-5.04	-1.15	-0.78	-1.3	66.1	
-5.14	-5.06	-4.98	-5.18	-5.87	-4.46	-0.76	-0.57	-5.72	-6.47	-5.33	-5.31	-4.97	-0.83	-0.84	-1.12	66.2	
-4.91	-5.12	-5.0	-5.37	-5.96	-4.48	-0.76	-0.63	-5.82	-6.51	-5.48	-5.21	-5.08	-1.15	-0.82	-1.3	66.3	
-5.22	-5.06	-5.16	-5.28	-5.98	-4.44	-0.7	-0.51	-5.99	-6.28	-5.56	-5.04	-4.97	-1.03	-0.74	-1.14	66.4	
-4.89	-5.12	-4.9	-5.35	-6.04	-4.58	-0.76	-0.69	-5.91	-6.45	-5.64	-5.04	-5.01	-0.89	-0.78	-1.02	66.5	
-5.18	-5.01	-5.1	-5.24	-6.04	-4.32	-0.76	-0.61	-5.91	-6.32	-5.56	-5.27	-4.91	-1.13	-0.8	-1.12	66.6	
-5.1	-5.22	-4.82	-5.61	-5.98	-4.56	-0.7	-0.59	-5.8	-6.53	-5.54	-5.39	-4.91	-1.05	-0.78	-1.24	66.7	
-5.01	-5.12	-4.65	-5.57	-6.08	-4.44	-0.66	-0.44	-5.84	-5.98	-5.19	-5.1	-4.81	-1.01	-0.72	-1.28	67.0	
-5.16	-4.99	-5.22	-5.14	-5.98	-4.46	-0.86	-0.52	-5.88	-6.34	-5.31	-4.82	-4.85	-0.92	-0.7	-1.08	67.1	
-5.08	-5.05	-5.16	-5.3	-5.91	-4.58	-0.68	-0.5	-5.76	-6.63	-5.31	-5.31	-4.81	-1.11	-0.78	-1.16	67.3	
-4.87	-4.99	-4.75	-5.45	-5.93	-4.52	-0.7	-0.59	-5.86	-6.28	-5.42	-5.29	-4.81	-0.93	-0.86	-1.08	67.4	
-4.81	-5.2	-4.98	-5.45	-5.91	-4.75	-0.76	-0.87	-5.91	-6.12	-5.25	-5.35	-4.71	-1.07	-0.82	-1.22	67.5	
-5.03	-5.08	-4.88	-5.43	-5.96	-4.64	-0.82	-0.71	-5.91	-6.3	-5.29	-4.84	-4.69	-0.78	-0.86	-1.2	67.6	
-5.1	-5.06	-5.2	-5.32	-6.12	-4.52	-0.7	-0.65	-5.74	-6.28	-5.29	-5.49	-4.65	-1.07	-0.8	-1.04	67.7	
-5.1	-5.12	-4.96	-5.39	-5.89	-4.38	-0.86	-0.77	-5.72	-6.45	-5.31	-5.47	-4.55	-1.01	-0.74	-1.16	68.1	
-4.87	-5.06	-5.0	-5.28	-5.91	-4.62	-0.78	-0.59	-5.82	-6.3	-5.29	-5.12	-4.55	-0.93	-0.78	-1.3	68.2	
-5.08	-4.95	-5.06	-5.3	-5.98	-4.36	-0.76	-0.77	-5.72	-6.36	-5.38	-5.27	-4.48	-0.84	-0.82	-1.24	68.3	
-4.95	-5.01	-4.88	-5.32	-5.96	-4.4	-0.93	-0.75	-5.89	-6.34	-5.25	-5.45	-4.46	-1.11	-0.64	-1.08	68.4	
-4.95	-5.05	-4.84	-5.43	-5.95	-4.5	-0.93	-0.59	-6.01	-6.32	-5.48	-5.45	-4.59	-1.01	-0.78	-1.22	68.5	
-5.48	-4.95	-5.12	-5.37	-5.93	-4.4	-0.82	-0.71	-5.97	-6.46	-5.4	-5.53	-4.65	-0.82	-0.76	-1.08	68.8	
-5.05	-5.12	-4.92	-5.26	-5.95	-4.23	-0.76	-0.69	-5.62	-6.44	-5.54	-5.29	-4.53	-1.11	-0.78	-1.22	68.9	
-5.01	-5.01	-4.88	-5.32	-5.98	-4.34	-0.88	-0.9	-5.64	-6.69	-5.5	-5.37	-4.65	-0.88	-0.76	-1.2	69.0	
-5.08	-5.1	-4.69	-5.43	-5.96	-4.34	-0.76	-0.57	-5.97	-6.14	-5.52	-5.21	-4.65	-0.89	-0.8	-1.14	69.1	
-4.79	-5.12	-4.98	-5.3	-5.89	-4.54	-0.8	-0.59	-5.84	-6.32	-5.42	-5.41	-4.59	-1.01	-0.78	-1.1	69.2	
-4.73	-5.08	-5.1	-5.39	-6.06	-4.52	-0.7	-0.63	-5.78	-6.26	-5.38	-5.35	-4.53	-1.07	-0.7	-1.18	69.3	
-5.18	-5.12	-5.02	-5.47	-6.02	-4.4	-0.8	-0.63	-5.64	-6.38	-5.42	-5.04	-4.55	-0.98	-0.66	-1.18	69.4	
-5.01	-5.18	-4.9	-5.53	-5.89	-4.42	-0.8	-0.61	-5.82	-6.3	-5.31	-5.39	-4.55	-0.98	-0.66	-1.22	69.5	
-4.81	-5.05	-4.82	-5.51	-6.0	-4.44	-0.74	-0.57	-5.93	-6.53	-5.42	-5.47	-4.46	-1.07	-0.68	-1.24	69.6	
-4.87	-5.18	-4.92	-5.32	-5.91	-4.42	-0.74	-0.48	-5.88	-6.32	-5.52	-5.37	-4.59	-1.43	-0.68	-1.24	69.7	
-5.18	-5.16	-5.04	-5.26	-5.89	-4.46	-0.76	-0.46	-5.84	-6.32	-5.4	-5.64	-4.59	-0.84	-0.7	-1.16	69.8	
-5.16	-5.12	-5.1	-5.32	-5.89	-4.44	-0.76	-0.42	-5.91	-6.4	-5.6	-5.51	-4.48	-0.93	-0.78	-1.24	69.9	
-5.24	-5.18	-5.28	-5.2	-5.96	-4.29	-0.68	-0.65	-5.68	-6.24	-5.42	-5.43	-4.48	-1.05	-0.68	-1.16	70.0	
-4.99	-5.16	-5.04	-5.47	-6.06	-4.21	-0.82	-0.63	-5.66	-6.28	-5.31	-5.1	-4.42	-0.91	-0.92	-1.37	70.1	
-5.12	-5.08	-4.98	-5.45	-6.02	-4.29	-0.68	-0.59	-5.84	-6.4	-5.4	-5.47	-4.53	-0.76	-0.86	-0.96	70.2	
-5.06	-5.08	-4.96	-5.45	-5.91	-4.42	-0.74	-0.48	-5.99	-6.59	-5.54	-5.37	-4.42	-0.95	-0.8	-1.2	70.5	
-4.77	-5.06	-4.84	-5.65	-6.02	-4.25	-0.72	-0.46	-5.76	-6.36	-5.4	-5.43	-4.49	-0.83	-0.72	-0.96	70.6	
-5.18	-5.16	-5.26	-5.28	-6.06	-4.36	-0.68	-0.46	-5.78	-6.36	-5.64	-5.53	-4.49	-1.05	-0.7	-1.02	70.7	
-4.99	-5.2	-5.16	-5.35	-5.94	-4.25	-0.7	-0.77	-5.9	-6.47	-5.66	-5.33	-4.49	-0.83	-0.84	-1.02	70.8	
-5.08	-5.12	-4.84	-5.49	-5.87	-4.44	-0.6	-0.48	-5.78	-6.57	-5.64	-5.47	-4.65	-0.89	-0.66	-1.04	70.9	
-5.08	-5.12	-5.06	-5.33	-5.98	-4.27	-0.74	-0.63	-5.9	-6.36	-5.66	-5.39	-4.59	-0.95	-0.58	-1.22	71.0	
-4.97	-5.14	-4.75	-5.61	-5.98	-4.44	-0.7	-0.44	-6.15	-6.43	-5.64	-5.51	-4.63	-0.93	-0.5	-1.2	71.1	
-5.01	-5.12	-5.02	-5.49	-5.87	-4.19	-0.74	-0.42	-5.91	-6.3	-5.64	-5.45	-4.65	-1.11	-0.6	-1.16	71.2	
-5.14	-5.12	-5.12	-5.24	-5.89	-4.36	-0.66	-0.57	-5.82	-6.34	-5.7	-5.57	-4.59	-1.13	-0.66	-1.16	71.3	
-4.87	-5.12	-5.1	-5.43	-5.89	-4.54	-0.56	-0.67	-5.78	-6.26	-5.54	-5.78	-4.65	-1.07	-0.66	-1.0	71.4	
-5.28	-4.99	-5.0	-5.47	-5.98	-4.34	-0.66	-0.59	-6.05	-6.04	-5.5	-5.29	-4.69	-0.93	-0.58	-0.92	71.5	
-5.06	-5.12	-5.22	-5.31	-6.02	-4.27	-0.64	-0.61	-6.05	-6.49	-5.89	-5.51	-4.71	-0.91	-0.78	-0.94	71.6	
-4.99	-5.12	-4.9	-5.39	-6.08	-4.03	-0.64	-0.53	-5.76	-6.55	-5.72	-5.47	-4.69	-1.01	-0.8	-0.96	71.7	
-5.08	-5.06	-5.1	-5.39	-5.96	-4.21	-0.6	-0.32	-5.94	-6.41	-5.56	-5.64	-4.65	-0.99	-0.64	-0.81	71.8	
-4.83	-5.24	-5.0	-5.41	-5.96	-4.25	-0.64	-0.24	-5.78	-6.39	-5.58	-5.76	-4.59	-1.19	-0.8	-1.24	71.9	
-5.28	-5.22	-5.12	-5.16	-5.96	-4.17	-0.74	-0.49	-5.86	-6.37	-5.52	-5.39	-4.55	-0.69	-0.76	-1.1	72.0	
-5.4	-5.0	-5.1	-5.26	-5.96	-4.03	-0.66	-0.24	-5.82	-6.43	-5.64	-5.45	-4.59	-1.17	-0.84	-1.22	72.1	
-5.02	-5.14	-4.88	-5.43	-5.94	-4.25	-0.58	-0.46	-6.01	-6.61	-5.68	-5.62	-4.53	-0.99	-0.66	-1.0	72.2	
-5.24	-5.12	-5.08	-5.53	-5.92	-4.28	-0.54	-0.38	-5.94	-6.3	-5.54	-5.45	-4.49	-1.05	-0.6	-0.96	72.3	
-5.26	-5.02	-5.22	-5.14	-5.98	-4.17	-0.58	-0.34	-5.76	-6.35	-5.64	-5.35	-4.59	-1.11	-0.84	-1.16	72.4	
-5.2	-5.16	-5.08	-5.35	-6.02	-3.8	-0.64	-0.2	-5.94	-6.29	-5.58	-5.35	-4.53	-1.15	-0.8	-1.24	72.5	
-4.85	-5.16	-4.9	-5.49	-5.89	-4.4	-0.5	-0.34	-5.74	-6.37	-5.62	-5.78	-4.59	-1.01	-0.72	-1.14	72.6	
-4.97	-5.12	-4.92	-5.39	-6.0	-4.17	-0.6	-0.07	-5.78	-6.57	-5.54	-5.37	-4.53	-0.95	-0.62	-1.08	72.7	
-4.95	-5.12	-5.18	-5.37	-5.94	-4.03	-0.6	-0.32	-5.88	-6.53	-5.68	-5.45	-4.53	-1.13	-0.6	-1.14	72.8	
-5.02	-5.16	-5.22	-5.31	-5.92	-3.84	-0.6	-0.36	-5.74	-6.25	-5.42	-5.62	-4.59	-0.93	-0.7	-1.0	72.9	
-5.08	-5.06	-4.9	-5.61	-6.02	-4.01	-0.6	-0.42	-5.99	-6.25	-5.6	-5.56	-4.59	-0.77	-0.8	-0.77	73.0	
-4.98	-5.0	-4.82	-5.63	-5.9	-4.28	-0.56	-0.1	-5.84	-6.06	-5.5	-5.51	-4.59	-0.93	-0.56	-0.92	73.1	
-4.93	-5.14	-5.14	-5.43	-5.98	-4.05	-0.5	-0.36	-5.92	-6.45	-5.6	-5.25	-4.59	-0.89	-0.64	-1.02	73.2	
-4.93	-5.28	-5.37	-5.29	-5.98	-4.34	-0.66	-0.34	-5.78	-6.27	-5.46	-5.23	-4.59	-0.95	-0.6	-0.96	73.3	
-4.98	-5.08	-5.22	-5.18	-6.0	-4.01	-0.66	-0.36	-6.07	-6.31	-5.58	-5.53	-4.53	-0.87	-0.68	-0.98	73.4	
-5.06	-5.18	-5.02	-5.53	-5.98	-4.05	-0.6	-0.26	-6.05	-6.27	-5.58	-5.58	-4.43	-0.95	-0.7	-0.96	73.5	
-4.85	-5.14	-4.94	-5.33	-5.96	-4.01	-0.6	-0.34	-5.94	-6.12	-5.46	-5.29	-4.49	-0.87	-0.72	-1.08	73.6	
-5.02	-5.12	-5.1	-5.43	-5.9	-4.21	-0.5	-0.26	-5.94	-6.39	-5.62	-5.47	-4.53	-0.99	-0.54	-1.04	73.8	
-5.24	-5.16	-5.0	-5.47	-5.98	-4.28	-0.48	-0.26	-5.94	-6.37	-5.52	-5.45	-4.49	-0.91	-0.68	-0.94	73.9	
-5.06	-5.16	-5.06	-5.33	-6.0	-4.17	-0.66	-0.36	-6.05	-6.53	-5.83	-5.56	-4.53	-0.73	-0.66	-0.88	74.0	
-5.08	-5.12	-4.96	-5.43	-5.96	-4.05	-0.54	-0.03	-5.9	-6.39	-5.58	-5.58	-4.43	-0.91	-0.64	-1.1	74.1	
-5.22	-5.12	-4.98	-5.31	-5.9	-4.25	-0.54	-0.36	-5.76	-6.31	-5.54	-5.43	-4.53	-0.85	-0.7	-0.96	74.2	
-5.34	-5.06	-5.16	-5.47	-5.94	-4.32	-0.5	-0.28	-6.03	-6.24	-5.7	-5.31	-4.55	-0.91	-0.6	-0.96	74.3	
-5.2	-5.1	-5.22	-5.16	-5.87	-3.99	-0.54	-0.14	-5.78	-6.51	-5.77	-5.97	-4.42	-0.93	-0.72	-0.79	74.4	
-5.24	-5.06	-5.04	-5.35	-5.83	-4.19	-0.52	-0.14	-5.74	-6.16	-5.77	-5.53	-4.53	-0.97	-0.58	-0.92	74.5	
-5.42	-5.12	-5.1	-5.39	-5.98	-4.11	-0.66	-0.03	-5.76	-6.53	-5.7	-5.47	-4.55	-0.87	-0.68	-0.88	74.6	
-4.97	-5.18	-4.94	-5.45	-5.92	-4.17	-0.41	-0.2	-5.9	-6.55	-5.56	-5.45	-4.45	-0.81	-0.7	-0.94	74.7	
-5.18	-5.08	-4.94	-5.31	-5.94	-4.13	-0.47	-0.28	-6.19	-6.22	-5.85	-5.21	-4.49	-0.79	-0.7	-0.83	74.8	
-5.28	-5.18	-5.12	-5.26	-5.87	-3.82	-0.56	-0.22	-6.09	-6.14	-5.6	-5.58	-4.42	-0.91	-0.74	-1.18	74.9	
-5.02	-5.12	-4.9	-5.39	-5.96	-4.21	-0.54	-0.05	-5.84	-6.45	-5.77	-5.7	-4.49	-0.97	-0.64	-0.83	75.0	
-5.2	-5.02	-5.1	-5.22	-5.79	-4.25	-0.54	-0.32	-5.76	-6.51	-5.52	-5.72	-4.49	-0.93	-0.5	-0.75	75.1	
-5.22	-5.22	-5.0	-5.33	-6.02	-3.93	-0.47	-0.18	-5.76	-6.39	-5.5	-5.53	-4.55	-1.09	-0.66	-0.94	75.2	
-5.1	-5.12	-5.02	-5.26	-5.79	-4.13	-0.54	-0.16	-5.9	-6.3	-5.46	-5.8	-4.53	-1.27	-0.66	-1.1	75.3	
-5.24	-5.12	-5.02	-5.45	-5.96	-4.17	-0.43	-0.05	-5.74	-6.14	-5.36	-5.8	-4.42	-1.19	-0.48	-0.9	75.4	
-5.3	-5.02	-4.84	-5.49	-5.83	-4.21	-0.54	-0.14	-5.76	-6.47	-5.42	-5.47	-4.49	-0.81	-0.54	-1.0	75.5	
-5.24	-5.06	-4.92	-5.29	-5.87	-4.3	-0.5	-0.18	-5.8	-6.51	-5.31	-5.7	-4.42	-0.95	-0.78	-0.79	75.6	
-4.97	-5.08	-4.96	-5.39	-5.96	-4.01	-0.43	-0.24	-5.84	-6.35	-5.4	-5.45	-4.42	-0.93	-0.6	-0.98	75.7	
-5.18	-5.22	-5.04	-5.53	-5.79	-4.44	-0.49	0.01	-6.05	-6.41	-5.36	-5.35	-4.49	-1.17	-0.56	-0.9	75.8	
-5.22	-5.1	-4.9	-5.26	-5.85	-4.09	-0.49	-0.05	-5.76	-6.39	-5.23	-5.45	-4.36	-0.79	-0.64	-0.71	76.0	
-4.73	-5.14	-5.02	-5.26	-5.85	-4.03	-0.6	-0.32	-5.78	-6.18	-5.25	-5.35	-4.36	-0.95	-0.66	-1.04	76.1	
-5.2	-5.06	-5.02	-5.39	-5.96	-4.15	-0.39	-0.03	-5.94	-6.26	-5.48	-5.43	-4.36	-0.91	-0.76	-0.92	76.2	
-5.12	-5.12	-5.08	-5.18	-5.96	-3.78	-0.58	0.03	-5.97	-6.35	-5.48	-5.35	-4.42	-0.67	-0.64	-1.02	76.3	
-4.93	-5.16	-5.12	-5.45	-5.92	-3.99	-0.54	-0.2	-5.99	-6.3	-5.32	-5.45	-4.36	-0.83	-0.62	-0.96	76.4	
-4.97	-5.28	-5.04	-5.37	-5.87	-4.11	-0.54	-0.34	-6.07	-6.18	-5.3	-5.37	-4.42	-0.85	-0.54	-0.88	76.5	
-4.93	-5.18	-5.02	-5.39	-5.96	-4.36	-0.6	-0.26	-5.92	-6.27	-5.36	-5.45	-4.26	-0.79	-0.66	-0.96	76.6	
-5.02	-5.04	-5.18	-5.2	-5.81	-4.17	-0.6	-0.2	-5.94	-6.2	-5.54	-5.27	-4.32	-0.89	-0.58	-0.85	76.7	
-5.36	-5.16	-5.16	-5.45	-5.96	-4.38	-0.54	-0.26	-5.97	-6.3	-5.32	-5.47	-4.32	-0.61	-0.7	-0.92	76.8	
-4.93	-5.14	-4.94	-5.43	-5.79	-4.09	-0.5	-0.2	-5.88	-6.1	-5.17	-5.29	-4.22	-1.01	-0.64	-0.92	77.0	
-5.24	-5.14	-4.94	-5.49	-5.98	-3.86	-0.64	-0.24	-5.9	-6.59	-5.42	-5.53	-4.32	-0.89	-0.58	-0.79	77.1	
-5.22	-5.1	-5.08	-5.39	-5.96	-4.25	-0.64	-0.18	-5.68	-6.37	-5.21	-5.35	-4.22	-0.79	-0.7	-1.16	77.2	
-5.04	-5.22	-5.0	-5.57	-5.83	-4.11	-0.6	-0.42	-5.82	-6.16	-5.13	-5.27	-4.26	-0.93	-0.66	-0.96	77.3	
-5.08	-5.12	-4.96	-5.59	-5.89	-4.09	-0.58	-0.36	-5.9	-6.0	-5.38	-5.15	-4.22	-0.93	-0.6	-1.1	77.4	
-4.97	-5.18	-5.04	-5.55	-6.02	-4.03	-0.64	-0.2	-5.93	-6.18	-5.36	-5.33	-4.26	-0.95	-0.62	-1.02	77.5	
-5.2	-5.06	-5.2	-5.12	-5.87	-4.03	-0.66	-0.14	-5.88	-6.53	-5.38	-5.43	-4.2	-0.87	-0.58	-0.96	77.6	
-4.95	-5.08	-4.88	-5.43	-5.81	-4.34	-0.6	-0.3	-5.88	-6.41	-5.29	-5.6	-4.1	-0.63	-0.54	-0.77	77.7	
-4.91	-5.24	-4.92	-5.57	-5.92	-4.09	-0.66	-0.26	-5.62	-6.39	-5.29	-5.29	-4.2	-1.01	-0.58	-1.14	77.8	
-5.12	-5.22	-5.0	-5.41	-5.94	-3.95	-0.64	-0.2	-5.62	-6.26	-5.34	-5.47	-4.1	-1.03	-0.58	-1.04	77.9	
-5.32	-5.04	-5.0	-5.43	-5.85	-4.19	-0.58	-0.22	-5.82	-6.18	-5.32	-5.37	-4.14	-0.73	-0.64	-0.96	78.0	
-5.06	-5.12	-4.98	-5.39	-5.81	-4.3	-0.58	-0.26	-6.01	-6.2	-5.36	-5.49	-4.2	-0.73	-0.64	-1.1	78.1	
-5.14	-5.18	-5.0	-5.29	-5.85	-4.03	-0.68	-0.01	-5.94	-6.35	-5.4	-5.43	-4.1	-0.79	-0.68	-0.88	78.2	
-5.04	-5.24	-4.94	-5.45	-5.94	-4.09	-0.64	-0.36	-5.9	-6.29	-5.5	-5.37	-4.26	-0.91	-0.66	-0.88	78.5	
-5.12	-5.16	-4.86	-5.39	-5.63	-4.34	-0.64	-0.51	-5.76	-6.43	-5.42	-5.37	-4.32	-0.91	-0.4	-0.75	78.6	
-5.08	-5.04	-4.98	-5.47	-5.85	-4.25	-0.66	-0.34	-5.76	-6.18	-5.42	-5.86	-4.26	-1.09	-0.5	-0.94	78.7	
-5.16	-5.12	-5.02	-5.37	-5.87	-4.19	-0.54	-0.28	-6.01	-6.2	-5.58	-5.56	-4.2	-1.07	-0.5	-0.96	78.8	
-5.14	-5.16	-5.02	-5.59	-5.81	-4.19	-0.58	-0.34	-5.76	-6.35	-5.48	-5.62	-4.2	-1.01	-0.64	-0.98	78.9	
-5.12	-5.18	-4.98	-5.59	-5.92	-4.25	-0.66	-0.18	-5.88	-6.2	-5.58	-5.53	-4.16	-0.57	-0.64	-0.85	79.0	
-5.08	-5.18	-4.96	-5.49	-5.98	-3.97	-0.54	-0.16	-5.72	-6.2	-5.44	-5.47	-4.26	-0.73	-0.56	-0.94	79.1	
-5.02	-5.12	-5.22	-5.39	-5.79	-4.27	-0.58	-0.14	-5.78	-6.26	-5.42	-5.53	-4.2	-0.89	-0.54	-0.9	79.2	
-5.2	-5.22	-5.26	-5.37	-5.92	-4.25	-0.52	-0.22	-5.95	-6.27	-5.48	-5.33	-4.32	-0.93	-0.68	-1.1	79.3	
-5.16	-5.12	-5.04	-5.43	-5.92	-4.05	-0.6	-0.26	-5.76	-6.22	-5.32	-5.45	-4.22	-0.65	-0.68	-1.12	79.4	
-5.02	-4.93	-4.98	-5.43	-5.81	-4.44	-0.52	-0.42	-5.84	-6.27	-5.48	-5.45	-4.14	-0.91	-0.66	-0.81	79.5	
-5.26	-5.12	-5.1	-5.24	-5.87	-4.21	-0.54	-0.2	-5.78	-6.1	-5.5	-5.27	-4.2	-0.91	-0.68	-0.92	79.6	
-5.34	-5.14	-4.98	-5.37	-5.98	-3.93	-0.6	-0.24	-5.74	-6.24	-5.32	-5.47	-4.2	-0.91	-0.5	-1.14	79.7	
-5.18	-5.24	-4.98	-5.47	-5.83	-4.17	-0.52	-0.09	-5.95	-6.35	-5.42	-5.21	-4.26	-0.81	-0.5	-0.9	79.8	
-5.06	-5.12	-5.0	-5.29	-5.83	-4.15	-0.6	-0.14	-5.64	-6.37	-5.36	-5.23	-4.1	-0.65	-0.62	-0.73	79.9	
-5.26	-5.06	-4.88	-5.31	-5.69	-4.25	-0.66	-0.42	-5.72	-6.16	-5.23	-5.33	-4.16	-1.01	-0.54	-0.94	80.0	
-5.12	-5.12	-5.16	-5.41	-5.83	-4.25	-0.58	-0.18	-5.76	-6.16	-5.21	-5.31	-4.16	-1.07	-0.58	-1.2	80.1	
-5.14	-5.14	-4.84	-5.49	-5.83	-4.19	-0.64	-0.09	-5.8	-6.32	-5.31	-5.45	-4.16	-0.89	-0.54	-1.02	80.2	
-5.08	-5.06	-5.04	-5.43	-5.85	-4.38	-0.41	-0.32	-5.84	-6.24	-5.34	-5.39	-4.16	-0.77	-0.58	-1.02	80.3	
-5.22	-5.08	-5.06	-5.41	-5.91	-3.93	-0.47	-0.3	-5.62	-6.43	-5.25	-5.51	-4.1	-0.73	-0.6	-0.94	80.5	
-5.18	-5.16	-5.31	-5.37	-5.89	-4.09	-0.58	-0.4	-5.7	-6.2	-5.4	-5.55	-4.1	-0.58	-0.52	-0.69	80.6	
-5.12	-5.18	-5.0	-5.22	-5.83	-3.95	-0.66	-0.42	-5.86	-6.18	-5.38	-5.27	-4.16	-0.66	-0.48	-0.77	80.7	
-4.97	-5.18	-5.0	-5.37	-5.87	-3.93	-0.6	-0.3	-5.68	-6.28	-5.52	-5.51	-4.16	-0.91	-0.56	-1.02	81.0	
-5.12	-5.1	-5.02	-5.26	-5.83	-4.05	-0.62	-0.32	-6.01	-5.96	-5.52	-5.37	-4.1	-0.67	-0.62	-0.88	81.1	
-5.12	-5.16	-4.98	-5.41	-5.71	-4.11	-0.66	-0.26	-5.78	-6.39	-5.27	-5.33	-4.1	-0.97	-0.58	-1.0	81.2	
-5.14	-5.12	-5.0	-5.45	-5.89	-3.97	-0.54	-0.22	-5.95	-6.12	-5.54	-5.29	-4.16	-0.85	-0.58	-1.1	81.3	
-4.89	-5.18	-5.18	-5.43	-5.96	-3.88	-0.56	-0.16	-5.92	-6.12	-5.36	-5.55	-4.1	-1.05	-0.52	-0.96	81.4	
-5.34	-5.16	-5.02	-5.51	-5.91	-3.84	-0.56	-0.18	-5.7	-6.18	-5.29	-5.45	-4.16	-0.77	-0.64	-0.98	81.5	
-5.1	-5.26	-5.0	-5.51	-5.85	-4.21	-0.6	-0.22	-5.88	-6.26	-5.38	-5.21	-4.16	-0.61	-0.66	-1.0	81.6	
-5.38	-5.12	-5.24	-5.18	-5.75	-4.11	-0.6	-0.22	-5.92	-6.1	-5.36	-5.27	-4.16	-0.81	-0.52	-1.04	81.7	
-4.85	-5.18	-5.0	-5.31	-5.77	-4.21	-0.58	-0.34	-5.58	-6.39	-5.36	-5.45	-4.1	-0.77	-0.78	-0.87	81.8	
-5.2	-4.99	-4.9	-5.35	-5.85	-3.88	-0.7	-0.36	-5.74	-6.16	-5.31	-5.43	-4.04	-0.91	-0.42	-0.81	81.9	
-5.1	-5.06	-4.92	-5.37	-5.85	-4.03	-0.66	-0.3	-5.66	-6.2	-5.42	-5.39	-4.1	-0.79	-0.58	-0.67	82.0	
-5.22	-5.12	-5.1	-5.39	-5.83	-3.95	-0.64	-0.53	-5.82	-6.3	-5.38	-5.55	-4.06	-1.01	-0.52	-0.94	82.1	
-4.81	-5.16	-4.96	-5.33	-5.89	-4.03	-0.66	-0.42	-5.9	-6.12	-5.31	-5.47	-4.1	-0.95	-0.56	-0.92	82.3	
-5.08	-5.22	-5.06	-5.59	-5.75	-4.46	-0.64	-0.44	-5.9	-6.28	-5.15	-5.27	-4.0	-0.69	-0.46	-0.73	82.4	
-5.18	-5.18	-5.18	-5.43	-5.91	-3.72	-0.54	-0.57	-5.86	-5.84	-5.25	-5.43	-3.94	-0.85	-0.54	-0.87	82.5	
-4.95	-5.12	-4.69	-5.37	-5.94	-4.21	-0.64	-0.53	-5.56	-6.08	-5.21	-5.23	-4.06	-0.69	-0.56	-1.02	82.6	
-5.12	-5.12	-5.0	-5.18	-5.81	-4.19	-0.6	-0.61	-5.56	-6.2	-5.17	-5.37	-3.94	-0.65	-0.46	-1.02	82.7	
-5.06	-5.16	-4.92	-5.41	-5.89	-4.21	-0.64	-0.36	-5.8	-6.16	-5.13	-5.27	-4.04	-0.71	-0.62	-1.02	82.8	
-5.08	-5.18	-4.98	-5.35	-5.91	-4.05	-0.64	-0.46	-5.93	-6.0	-5.21	-5.45	-4.0	-0.89	-0.37	-0.87	82.9	
-5.38	-5.12	-5.14	-5.16	-5.85	-4.23	-0.5	-0.36	-5.88	-5.94	-5.13	-5.43	-4.0	-0.81	-0.42	-0.75	83.0	
-5.12	-5.1	-4.98	-5.57	-5.79	-4.21	-0.5	-0.16	-5.92	-6.1	-5.13	-5.31	-4.04	-0.69	-0.48	-1.0	83.4	
-5.1	-5.16	-5.02	-5.49	-5.77	-4.19	-0.6	-0.49	-5.82	-6.24	-5.42	-5.56	-4.0	-0.71	-0.5	-0.9	83.5	
-5.28	-5.08	-5.2	-5.24	-5.73	-4.11	-0.62	-0.2	-5.82	-6.14	-5.15	-5.33	-3.94	-0.75	-0.48	-0.9	83.6	
-5.24	-5.1	-5.14	-5.08	-5.85	-4.13	-0.58	-0.22	-5.64	-6.22	-5.23	-5.66	-3.9	-0.87	-0.6	-0.96	83.7	
-5.12	-5.22	-4.84	-5.2	-5.71	-4.21	-0.64	-0.24	-5.78	-6.41	-5.48	-5.23	-4.04	-0.79	-0.4	-0.92	83.8	
-5.2	-5.16	-5.12	-5.41	-5.81	-4.23	-0.54	-0.2	-5.84	-6.2	-5.29	-5.27	-4.2	-0.53	-0.54	-1.02	83.9	
-5.47	-5.1	-4.94	-5.35	-5.77	-4.23	-0.54	-0.44	-5.78	-6.08	-5.44	-5.37	-4.16	-0.51	-0.62	-1.1	84.0	
-5.24	-5.1	-4.9	-5.35	-5.79	-4.19	-0.54	-0.07	-5.78	-6.1	-5.3	-5.62	-4.22	-0.89	-0.58	-0.94	84.1	
-5.08	-5.18	-5.02	-5.49	-5.77	-4.03	-0.48	-0.12	-5.66	-6.14	-5.34	-5.31	-4.2	-0.93	-0.54	-0.98	84.2	
-5.22	-5.12	-5.0	-5.18	-5.85	-4.15	-0.5	0.09	-5.64	-6.21	-5.4	-5.45	-4.16	-0.81	-0.5	-1.12	84.3	
-5.22	-5.16	-5.14	-5.33	-5.75	-4.17	-0.48	-0.14	-5.68	-6.16	-5.32	-5.39	-4.16	-0.77	-0.42	-0.88	84.7	
-5.12	-5.12	-4.88	-5.31	-5.65	-4.19	-0.54	-0.03	-5.84	-6.21	-5.44	-5.29	-4.1	-0.97	-0.4	-0.86	84.8	
-5.1	-5.12	-5.06	-5.39	-5.9	-3.97	-0.64	-0.22	-5.72	-6.16	-5.48	-5.23	-4.16	-0.79	-0.52	-1.04	84.9	
-5.04	-5.22	-5.04	-5.27	-5.75	-4.11	-0.54	-0.14	-5.86	-6.14	-5.34	-5.56	-4.04	-0.63	-0.48	-0.69	85.0	
-5.12	-5.02	-5.08	-5.2	-5.85	-4.11	-0.6	-0.18	-5.88	-6.14	-5.48	-5.13	-4.16	-1.05	-0.46	-0.9	85.1	
-4.85	-5.22	-5.02	-5.41	-5.85	-3.95	-0.5	-0.3	-5.68	-6.18	-5.48	-5.56	-4.22	-0.69	-0.52	-0.73	85.2	
-4.93	-5.18	-5.18	-5.24	-5.73	-4.09	-0.52	-0.16	-5.68	-6.2	-5.42	-5.29	-4.2	-0.77	-0.58	-0.9	85.3	
-5.24	-5.16	-4.92	-5.45	-5.79	-3.97	-0.56	-0.24	-5.68	-5.96	-5.52	-5.37	-4.1	-0.99	-0.5	-0.77	85.4	
-5.24	-5.16	-5.12	-5.53	-5.75	-4.28	-0.41	-0.05	-5.92	-5.98	-5.42	-5.53	-4.26	-0.59	-0.68	-0.79	85.5	
-4.98	-5.28	-5.16	-5.27	-5.83	-4.05	-0.56	-0.12	-5.78	-6.22	-5.42	-5.53	-4.26	-0.93	-0.44	-1.0	85.7	
-5.12	-5.16	-5.14	-5.35	-5.67	-4.01	-0.52	-0.03	-5.86	-6.33	-5.7	-5.49	-4.32	-0.73	-0.5	-0.47	85.8	
-5.18	-5.28	-5.08	-5.45	-5.75	-3.89	-0.54	-0.16	-5.8	-6.18	-5.58	-5.37	-4.26	-0.81	-0.62	-1.0	85.9	
-5.28	-5.1	-5.06	-5.43	-5.79	-3.95	-0.6	-0.05	-5.99	-6.18	-5.5	-5.45	-4.14	-0.77	-0.56	-0.83	86.0	
-5.26	-5.22	-5.14	-5.2	-5.73	-3.97	-0.56	-0.14	-5.74	-6.27	-5.38	-5.8	-4.16	-0.75	-0.52	-0.83	86.1	
-5.3	-5.12	-5.04	-5.18	-5.81	-3.93	-0.58	-0.14	-5.82	-6.18	-5.29	-5.29	-4.16	-0.77	-0.48	-0.69	86.5	
-5.02	-5.22	-5.18	-5.29	-5.65	-4.15	-0.52	-0.26	-5.82	-6.0	-5.27	-5.45	-4.2	-0.97	-0.52	-1.0	86.6	
-4.97	-5.2	-5.16	-5.12	-5.75	-4.09	-0.54	-0.46	-5.66	-6.08	-5.31	-5.51	-4.1	-0.73	-0.56	-0.96	86.7	
-5.22	-5.16	-5.24	-5.18	-5.77	-4.05	-0.6	-0.34	-5.88	-6.04	-5.38	-5.33	-4.1	-0.97	-0.48	-0.96	86.8	
-5.04	-5.28	-5.08	-5.45	-5.75	-4.05	-0.54	-0.26	-5.72	-6.2	-5.32	-5.43	-4.16	-0.69	-0.66	-0.69	86.9	
-5.08	-5.06	-5.08	-5.43	-5.85	-3.97	-0.6	0.03	-5.64	-6.14	-5.09	-5.56	-4.04	-0.83	-0.56	-0.81	87.0	
-5.28	-5.1	-5.16	-5.39	-5.89	-4.19	-0.52	-0.16	-5.64	-6.04	-5.25	-5.39	-4.0	-0.43	-0.54	-0.69	87.2	
-5.08	-5.24	-4.96	-5.51	-5.79	-3.91	-0.54	0.09	-5.82	-5.86	-5.34	-5.31	-4.1	-0.95	-0.54	-0.81	87.3	
-5.3	-5.16	-4.94	-5.24	-5.63	-4.13	-0.54	-0.14	-5.76	-6.22	-5.32	-5.53	-4.1	-0.61	-0.54	-0.88	87.4	
-5.32	-5.12	-5.1	-5.31	-5.71	-4.17	-0.52	-0.3	-5.8	-6.27	-5.42	-5.47	-4.1	-0.81	-0.64	-0.9	87.5	
-4.89	-5.22	-5.29	-5.39	-5.92	-4.11	-0.5	0.05	-5.88	-6.22	-5.42	-5.37	-4.1	-0.91	-0.58	-0.96	87.6	
-5.36	-5.16	-5.45	-5.08	-5.73	-4.13	-0.5	-0.01	-5.68	-6.29	-5.56	-5.53	-4.04	-0.63	-0.7	-1.1	87.7	
-5.06	-5.18	-5.33	-5.37	-5.79	-4.19	-0.43	-0.49	-5.62	-6.18	-5.4	-5.49	-4.14	-0.79	-0.6	-0.85	87.8	
-5.34	-5.16	-4.98	-5.29	-5.69	-4.19	-0.43	-0.26	-5.84	-5.94	-5.38	-5.43	-4.16	-0.75	-0.5	-0.83	87.9	
-5.12	-5.36	-5.16	-5.37	-5.77	-4.03	-0.54	-0.05	-5.78	-6.0	-5.46	-5.31	-4.16	-0.71	-0.44	-0.61	88.0	
-4.89	-5.28	-5.06	-5.47	-5.75	-4.11	-0.5	0.07	-5.64	-6.14	-5.46	-5.39	-4.1	-0.77	-0.6	-0.92	88.1	
-5.24	-5.24	-5.12	-5.51	-5.79	-4.15	-0.5	0.03	-5.7	-6.02	-5.4	-5.45	-4.1	-0.79	-0.58	-0.75	88.2	
-5.28	-5.12	-4.88	-5.49	-5.71	-4.3	-0.54	-0.38	-5.51	-6.26	-5.4	-5.72	-3.94	-0.83	-0.25	-0.49	88.3	
-5.22	-5.28	-5.18	-5.37	-5.73	-4.17	-0.62	-0.12	-5.84	-6.12	-5.23	-5.41	-4.0	-0.74	-0.46	-0.89	88.4	
-5.08	-5.34	-5.04	-5.49	-5.69	-4.17	-0.43	-0.14	-5.86	-6.2	-5.38	-5.35	-4.0	-0.52	-0.62	-0.69	88.5	
-4.85	-5.22	-4.88	-5.49	-5.79	-4.13	-0.54	0.05	-5.7	-6.02	-5.25	-5.39	-4.0	-0.75	-0.56	-0.69	88.6	
-5.2	-5.12	-5.14	-5.37	-5.77	-4.03	-0.54	-0.03	-5.78	-5.96	-5.38	-4.98	-3.98	-0.61	-0.5	-0.65	88.7	
-4.89	-5.28	-5.02	-5.24	-5.75	-4.03	-0.45	-0.16	-5.74	-6.26	-5.31	-5.39	-3.94	-0.65	-0.48	-0.83	88.8	
-5.34	-5.22	-5.08	-5.2	-5.73	-4.27	-0.47	-0.07	-5.8	-6.04	-5.21	-5.27	-3.94	-0.65	-0.48	-0.79	88.9	
-5.18	-5.24	-5.2	-5.33	-5.61	-4.3	-0.5	-0.2	-5.68	-6.06	-5.31	-5.43	-4.04	-0.79	-0.58	-0.92	89.0	
-5.18	-5.24	-5.28	-5.14	-5.77	-4.09	-0.58	-0.05	-5.82	-5.88	-5.19	-5.19	-4.0	-0.55	-0.64	-0.98	89.1	
-5.4	-5.18	-5.2	-5.33	-5.77	-4.05	-0.49	-0.32	-5.74	-6.26	-5.5	-5.31	-4.06	-0.81	-0.54	-0.77	89.2	
-5.08	-5.22	-5.28	-5.43	-5.67	-4.34	-0.54	-0.2	-5.7	-5.78	-5.25	-5.14	-4.1	-0.5	-0.58	-0.75	89.3	
-5.14	-5.22	-4.9	-5.55	-5.61	-4.19	-0.43	-0.3	-5.7	-6.16	-5.29	-5.25	-4.0	-0.62	-0.68	-0.79	89.4	
-5.2	-5.28	-5.14	-5.33	-5.69	-4.17	-0.47	-0.22	-5.8	-5.98	-5.25	-5.57	-3.9	-0.79	-0.54	-0.75	89.5	
-4.99	-5.26	-5.06	-5.41	-5.69	-3.84	-0.66	-0.3	-5.64	-5.8	-5.19	-5.14	-3.9	-0.62	-0.62	-0.89	89.6	
-5.32	-5.2	-5.32	-5.43	-5.79	-4.17	-0.6	-0.18	-5.51	-6.08	-5.42	-5.33	-4.04	-0.54	-0.43	-0.89	89.7	
-5.12	-5.28	-5.08	-5.35	-5.73	-4.25	-0.7	-0.38	-5.66	-5.9	-5.35	-5.29	-3.94	-0.84	-0.56	-0.91	89.8	
-5.16	-5.22	-5.3	-5.24	-5.75	-4.05	-0.66	-0.36	-5.82	-6.02	-5.38	-5.12	-3.96	-0.54	-0.48	-1.06	89.9	
-5.18	-5.2	-5.22	-5.18	-5.69	-4.34	-0.6	-0.4	-5.76	-5.82	-5.29	-5.57	-4.0	-0.58	-0.56	-0.87	90.0	
-5.01	-5.22	-5.12	-5.51	-5.69	-4.29	-0.53	-0.28	-5.7	-6.1	-5.56	-5.29	-4.04	-0.64	-0.45	-0.65	90.1	
-5.06	-5.16	-4.98	-5.49	-5.69	-3.8	-0.66	-0.16	-5.56	-6.06	-5.42	-5.43	-4.0	-0.82	-0.52	-1.02	90.2	
-5.1	-5.16	-5.04	-5.24	-5.67	-4.17	-0.53	-0.63	-5.99	-5.7	-5.29	-5.19	-4.04	-0.72	-0.48	-0.63	90.3	
-5.16	-5.12	-5.08	-5.43	-5.69	-4.32	-0.66	-0.16	-5.68	-6.0	-5.36	-5.51	-3.94	-0.6	-0.5	-0.79	90.4	
-5.2	-5.16	-4.96	-5.33	-5.61	-4.05	-0.56	-0.24	-5.51	-6.26	-5.38	-5.41	-3.94	-0.62	-0.5	-0.92	90.5	
-5.06	-5.28	-5.16	-5.35	-5.69	-4.03	-0.58	-0.24	-5.74	-6.02	-5.46	-5.58	-3.94	-0.67	-0.44	-0.79	90.7	
-4.97	-5.34	-5.12	-5.37	-5.73	-4.03	-0.56	-0.16	-5.39	-6.12	-5.44	-5.53	-3.94	-0.69	-0.33	-0.77	90.8	
-5.32	-5.28	-5.24	-5.33	-5.75	-4.17	-0.6	-0.07	-5.72	-5.9	-5.27	-5.49	-4.06	-0.85	-0.4	-0.79	91.0	
-5.14	-5.12	-5.14	-5.35	-5.75	-4.03	-0.54	-0.2	-5.53	-5.92	-5.29	-5.55	-4.0	-0.55	-0.54	-0.81	91.1	
-5.06	-5.24	-5.16	-5.39	-5.65	-4.15	-0.54	-0.2	-5.66	-6.12	-5.36	-5.53	-4.0	-0.79	-0.44	-0.92	91.2	
-5.04	-5.24	-5.12	-5.31	-5.63	-4.13	-0.43	0.15	-5.47	-6.39	-5.42	-5.33	-4.1	-0.75	-0.56	-0.9	91.3	
-5.18	-5.16	-5.14	-5.57	-5.5	-4.42	-0.41	-0.14	-5.74	-6.24	-5.6	-5.37	-4.16	-0.56	-0.62	-0.98	91.4	
-5.16	-5.26	-5.16	-5.24	-5.55	-4.19	-0.54	-0.09	-5.47	-6.22	-5.46	-5.43	-4.1	-0.79	-0.44	-0.59	91.5	
-5.38	-5.18	-5.2	-5.26	-5.69	-3.88	-0.54	-0.03	-5.76	-5.98	-5.54	-5.29	-4.16	-0.61	-0.58	-0.92	91.6	
-5.26	-5.22	-5.26	-5.31	-5.69	-4.27	-0.54	0.01	-5.74	-6.02	-5.48	-5.37	-4.26	-0.71	-0.46	-0.79	91.7	
-5.34	-5.28	-5.29	-5.29	-5.63	-4.28	-0.5	-0.16	-5.66	-5.94	-5.46	-5.6	-4.2	-0.55	-0.48	-0.77	91.8	
-5.14	-5.28	-5.24	-5.45	-5.79	-4.25	-0.54	-0.16	-5.76	-6.18	-5.32	-5.29	-4.1	-0.57	-0.48	-0.77	91.9	
-5.04	-5.16	-5.12	-5.45	-5.59	-4.27	-0.41	0.01	-5.72	-6.02	-5.42	-5.58	-4.1	-0.75	-0.44	-1.04	92.0	
-5.34	-5.4	-5.31	-5.37	-5.71	-4.07	-0.47	-0.14	-5.66	-6.06	-5.46	-5.53	-4.04	-0.65	-0.5	-0.75	92.1	
-5.18	-5.28	-5.35	-5.33	-5.69	-4.05	-0.54	-0.03	-5.66	-5.98	-5.25	-5.41	-4.16	-0.77	-0.52	-0.61	92.2	
-5.3	-5.22	-5.22	-5.57	-5.73	-4.03	-0.62	-0.09	-5.82	-6.04	-5.48	-5.33	-4.16	-0.69	-0.62	-0.85	92.3	
-5.18	-5.28	-5.16	-5.37	-5.69	-4.13	-0.47	0.03	-5.86	-6.02	-5.36	-5.31	-4.1	-0.6	-0.44	-0.87	92.4	
-5.08	-5.32	-5.02	-5.47	-5.73	-4.03	-0.52	0.13	-5.74	-6.1	-5.48	-5.47	-4.16	-0.58	-0.6	-0.77	92.5	
-5.36	-5.3	-5.04	-5.51	-5.73	-4.11	-0.47	-0.07	-5.51	-6.14	-5.44	-5.37	-4.22	-0.69	-0.54	-0.65	92.6	
-5.2	-5.32	-5.16	-5.37	-5.67	-4.34	-0.41	-0.12	-5.62	-6.14	-5.34	-5.47	-4.1	-0.63	-0.46	-0.69	92.7	
-5.18	-5.22	-5.24	-5.33	-5.81	-4.19	-0.58	-0.18	-5.8	-6.04	-5.44	-5.53	-4.16	-0.63	-0.44	-0.61	92.8	
-5.2	-5.34	-5.41	-5.33	-5.61	-3.97	-0.54	-0.24	-5.68	-6.02	-5.38	-5.45	-4.16	-0.55	-0.54	-0.98	92.9	
-5.26	-5.34	-5.28	-5.24	-5.61	-4.19	-0.49	-0.34	-5.84	-6.04	-5.25	-5.72	-4.0	-0.77	-0.39	-0.94	93.0	
-5.24	-5.22	-5.41	-5.31	-5.69	-4.15	-0.56	-0.14	-5.86	-6.02	-5.48	-5.51	-4.2	-0.79	-0.56	-0.96	93.1	
-5.12	-5.34	-5.53	-5.22	-5.75	-3.97	-0.54	-0.14	-5.74	-6.0	-5.42	-5.19	-4.1	-0.55	-0.52	-0.79	93.2	
-5.18	-5.28	-5.12	-5.55	-5.67	-3.97	-0.52	-0.14	-5.62	-5.9	-5.31	-5.64	-4.16	-0.57	-0.44	-0.79	93.3	
-5.18	-5.3	-5.2	-5.2	-5.57	-4.11	-0.49	-0.28	-5.84	-6.02	-5.52	-5.41	-4.22	-0.79	-0.44	-0.57	93.4	
-5.08	-5.34	-5.18	-5.47	-5.57	-4.27	-0.6	-0.18	-5.72	-6.16	-5.31	-5.45	-4.16	-0.79	-0.42	-0.55	93.5	
-5.04	-5.22	-5.28	-5.45	-5.57	-4.36	-0.54	-0.4	-5.58	-6.02	-5.38	-5.53	-4.16	-0.67	-0.56	-0.98	93.6	
-5.32	-5.28	-5.47	-5.18	-5.69	-3.72	-0.68	-0.16	-5.7	-5.84	-5.31	-5.49	-4.1	-0.53	-0.37	-0.87	93.7	
-5.26	-5.28	-5.28	-5.33	-5.65	-3.97	-0.54	-0.18	-5.7	-5.88	-5.27	-5.33	-4.06	-0.75	-0.44	-0.79	93.8	
-5.2	-5.28	-5.08	-5.41	-5.69	-4.01	-0.52	-0.05	-5.82	-6.06	-5.44	-5.27	-4.04	-0.77	-0.52	-0.69	93.9	
-5.16	-5.26	-5.18	-5.47	-5.69	-4.03	-0.6	0.09	-5.64	-6.2	-5.64	-5.49	-4.2	-0.68	-0.6	-0.79	94.0	
-5.04	-5.24	-5.39	-5.45	-5.73	-4.23	-0.62	-0.22	-5.93	-5.88	-5.52	-5.53	-4.1	-0.5	-0.46	-0.81	94.1	
-5.16	-5.4	-5.39	-5.22	-5.57	-4.13	-0.62	-0.32	-5.8	-6.06	-5.46	-5.57	-4.16	-0.62	-0.42	-0.65	94.2	
-5.51	-5.34	-5.22	-5.39	-5.69	-4.09	-0.54	0.01	-5.76	-6.1	-5.42	-5.49	-4.1	-0.67	-0.39	-0.79	94.3	
-5.18	-5.26	-5.31	-5.37	-5.55	-4.15	-0.49	-0.05	-5.8	-5.84	-5.36	-5.43	-4.16	-0.42	-0.54	-0.65	94.4	
-4.93	-5.24	-5.51	-5.33	-5.63	-4.03	-0.62	-0.2	-5.72	-6.02	-5.48	-5.43	-4.16	-0.69	-0.39	-0.85	94.5	
-5.16	-5.34	-5.1	-5.33	-5.69	-4.34	-0.47	-0.32	-5.9	-6.2	-5.42	-5.53	-4.1	-0.95	-0.31	-0.59	94.6	
-5.18	-5.16	-5.33	-5.33	-5.67	-3.95	-0.58	-0.03	-5.78	-6.12	-5.56	-5.64	-4.1	-0.79	-0.5	-0.81	94.7	
-5.24	-5.34	-5.55	-5.39	-5.61	-3.95	-0.6	-0.07	-5.93	-5.88	-5.31	-5.66	-4.1	-0.83	-0.46	-0.75	94.8	
-5.04	-5.34	-5.3	-5.3	-5.57	-4.32	-0.54	-0.24	-5.78	-6.16	-5.29	-5.55	-4.1	-0.72	-0.37	-0.59	94.9	
-5.22	-5.28	-5.41	-5.43	-5.63	-4.09	-0.51	-0.26	-5.84	-5.96	-5.36	-5.35	-4.16	-0.79	-0.48	-0.89	95.0	
-4.99	-5.28	-5.18	-5.41	-5.5	-4.21	-0.6	-0.28	-5.74	-6.04	-5.31	-5.21	-4.1	-0.62	-0.56	-0.79	95.2	
-5.22	-5.28	-5.35	-5.43	-5.61	-4.11	-0.56	-0.34	-5.58	-5.88	-5.31	-5.37	-4.1	-0.77	-0.52	-0.73	95.3	
-5.14	-5.16	-5.18	-5.49	-5.63	-4.15	-0.54	-0.34	-5.8	-5.8	-5.44	-5.45	-4.06	-0.58	-0.48	-0.83	95.4	
-5.01	-5.32	-5.12	-5.51	-5.59	-4.09	-0.6	-0.28	-5.64	-5.9	-5.15	-5.51	-4.1	-0.4	-0.54	-0.9	95.7	
-5.44	-5.12	-5.18	-5.33	-5.5	-4.34	-0.64	-0.07	-5.6	-5.94	-5.25	-5.43	-4.1	-0.67	-0.42	-0.69	95.8	
-4.93	-5.28	-5.33	-5.24	-5.59	-4.09	-0.68	-0.24	-5.62	-5.8	-5.23	-5.47	-4.04	-0.62	-0.54	-0.55	95.9	
-5.04	-5.28	-5.28	-5.31	-5.65	-4.05	-0.66	-0.28	-5.62	-6.02	-5.33	-5.31	-4.22	-0.6	-0.39	-0.61	96.0	
-5.16	-5.32	-5.26	-5.43	-5.52	-4.44	-0.68	-0.44	-5.78	-5.86	-5.58	-5.37	-4.14	-0.58	-0.46	-0.79	96.1	
-5.36	-5.3	-5.2	-5.33	-5.65	-4.13	-0.66	-0.26	-5.35	-5.92	-5.25	-5.35	-4.1	-0.71	-0.33	-0.79	96.2	
-5.28	-5.24	-5.33	-5.22	-5.63	-4.27	-0.64	-0.28	-5.56	-5.86	-5.21	-5.39	-4.1	-0.48	-0.46	-0.75	96.3	
-5.14	-5.24	-5.24	-5.33	-5.59	-4.36	-0.64	-0.16	-5.74	-5.9	-5.38	-5.55	-3.94	-0.65	-0.42	-0.9	96.4	
-5.14	-5.32	-5.2	-5.39	-5.61	-4.11	-0.76	-0.22	-5.76	-5.64	-5.29	-5.23	-4.16	-0.4	-0.48	-0.77	96.5	
-5.14	-5.34	-5.3	-5.14	-5.73	-4.05	-0.62	-0.2	-5.54	-5.88	-5.25	-5.37	-4.1	-0.54	-0.56	-0.65	96.6	
-5.16	-5.32	-5.3	-5.41	-5.59	-4.17	-0.7	-0.05	-5.78	-5.94	-5.44	-5.35	-4.1	-0.56	-0.5	-0.67	96.7	
-5.44	-5.34	-5.37	-5.37	-5.57	-4.21	-0.62	-0.2	-5.64	-5.94	-5.29	-5.47	-4.04	-0.89	-0.33	-0.69	96.8	
-5.14	-5.22	-5.37	-5.37	-5.61	-4.07	-0.64	0.17	-5.7	-5.76	-5.33	-5.49	-4.04	-0.52	-0.39	-0.51	96.9	
-4.95	-5.3	-5.37	-5.45	-5.57	-4.11	-0.64	-0.11	-5.66	-5.84	-5.36	-5.49	-4.04	-0.65	-0.44	-0.69	97.1	
-5.18	-5.28	-5.3	-5.35	-5.5	-4.21	-0.64	-0.11	-5.49	-5.76	-5.21	-5.64	-4.04	-0.54	-0.56	-0.75	97.2	
-5.04	-5.42	-5.12	-5.57	-5.46	-4.11	-0.68	0.07	-5.64	-5.88	-5.09	-5.55	-4.1	-0.79	-0.56	-0.69	97.3	
-5.42	-5.32	-5.22	-5.47	-5.54	-4.34	-0.74	-0.22	-5.45	-5.94	-5.36	-5.62	-3.94	-0.93	-0.33	-0.67	97.4	
-4.97	-5.22	-5.24	-5.14	-5.61	-4.13	-0.6	-0.22	-5.31	-6.04	-5.09	-5.53	-4.1	-0.72	-0.5	-0.98	97.5	
-5.06	-5.38	-5.18	-5.39	-5.46	-4.42	-0.58	-0.16	-5.64	-5.88	-5.21	-5.21	-4.16	-0.8	-0.44	-0.94	97.6	
-5.24	-5.22	-5.3	-5.43	-5.48	-4.21	-0.76	-0.2	-5.6	-5.66	-5.33	-5.12	-4.1	-0.52	-0.62	-0.79	97.7	
-5.01	-5.24	-5.47	-5.45	-5.69	-4.23	-0.66	-0.34	-5.6	-6.0	-5.46	-5.31	-4.1	-0.62	-0.54	-0.75	97.8	
-5.28	-5.28	-5.16	-5.53	-5.65	-4.17	-0.64	-0.22	-5.66	-5.94	-5.29	-5.43	-4.04	-1.21	-0.48	-0.79	97.9	
-5.36	-5.28	-5.18	-5.28	-5.52	-4.19	-0.7	-0.2	-5.78	-5.9	-5.42	-5.43	-4.0	-0.74	-0.37	-0.59	98.0	
-5.12	-5.18	-5.32	-5.2	-5.59	-4.11	-0.66	-0.16	-5.52	-5.88	-5.21	-5.21	-4.1	-0.62	-0.46	-0.71	98.1	
-5.28	-5.24	-5.1	-5.43	-5.5	-4.01	-0.76	-0.24	-5.45	-5.86	-5.29	-5.31	-4.16	-0.62	-0.48	-0.75	98.2	
-5.24	-5.28	-5.24	-5.33	-5.63	-4.19	-0.72	0.09	-5.64	-5.88	-5.42	-5.19	-4.1	-0.44	-0.48	-0.71	98.4	
-5.4	-5.28	-5.3	-5.28	-5.54	-4.01	-0.66	-0.28	-5.7	-5.66	-5.17	-5.33	-4.1	-0.42	-0.54	-0.83	98.5	
-5.14	-5.22	-5.32	-5.3	-5.61	-4.01	-0.7	-0.3	-5.39	-5.92	-5.31	-5.27	-4.16	-0.6	-0.52	-0.77	98.6	
-5.18	-5.3	-5.14	-5.32	-5.46	-4.36	-0.64	-0.24	-5.8	-5.74	-5.31	-5.23	-4.2	-0.7	-0.54	-0.83	98.7	
-5.05	-5.3	-5.14	-5.24	-5.4	-4.19	-0.66	-0.11	-5.62	-5.64	-5.23	-5.37	-4.16	-0.58	-0.41	-0.87	98.8	
-5.22	-5.38	-5.28	-5.24	-5.48	-4.13	-0.68	0.07	-5.78	-5.72	-5.33	-5.37	-4.0	-0.74	-0.41	-0.77	98.9	
-5.2	-5.3	-5.26	-5.34	-5.56	-4.13	-0.7	-0.38	-5.58	-5.78	-5.42	-5.27	-3.94	-0.52	-0.45	-0.75	99.0	
-5.32	-5.18	-5.1	-5.43	-5.61	-4.09	-0.72	0.13	-5.68	-5.54	-5.09	-5.21	-3.94	-0.8	-0.27	-0.69	99.1	
-5.32	-5.16	-5.04	-5.39	-5.5	-4.34	-0.6	-0.22	-5.66	-5.58	-5.13	-5.35	-4.0	-0.88	-0.5	-0.71	99.2	
-5.2	-5.28	-5.32	-5.35	-5.63	-4.29	-0.66	-0.24	-5.5	-5.86	-5.23	-5.18	-4.04	-0.64	-0.39	-0.73	99.3	
-5.22	-5.34	-5.41	-5.39	-5.56	-4.27	-0.72	-0.2	-5.64	-5.94	-5.21	-5.18	-3.98	-0.7	-0.45	-0.79	99.6	
-5.24	-5.22	-5.1	-5.34	-5.54	-4.21	-0.68	0.03	-5.49	-5.88	-5.31	-5.25	-4.0	-0.6	-0.41	-0.79	99.7	
-5.24	-5.26	-5.14	-5.37	-5.56	-4.09	-0.82	-0.24	-5.49	-5.6	-5.15	-5.31	-3.9	-0.58	-0.31	-0.87	99.8	
-5.34	-5.24	-5.16	-5.1	-5.48	-4.25	-0.64	0.01	-5.64	-5.64	-5.17	-5.33	-3.9	-0.8	-0.45	-0.79	99.9	
-5.03	-5.16	-5.26	-5.16	-5.44	-4.09	-0.76	-0.26	-5.49	-5.68	-5.15	-5.21	-3.87	-0.88	-0.39	-0.69	100.0	
-4.99	-5.24	-5.0	-5.43	-5.42	-4.29	-0.7	-0.32	-5.76	-5.74	-5.29	-5.18	-3.94	-0.76	-0.5	-0.96	100.1	
-5.18	-5.12	-5.18	-5.32	-5.54	-4.29	-0.7	-0.07	-5.74	-5.82	-5.21	-5.12	-3.94	-0.6	-0.6	-1.04	100.3	
-5.38	-5.16	-5.14	-5.45	-5.5	-4.21	-0.7	-0.3	-5.6	-5.82	-5.23	-5.02	-4.0	-0.62	-0.6	-1.0	100.4	
-5.24	-5.05	-5.14	-5.18	-5.52	-4.09	-0.64	-0.11	-5.72	-5.62	-5.35	-5.27	-3.94	-0.46	-0.54	-0.85	100.5	
-5.22	-5.22	-4.88	-5.45	-5.48	-4.17	-0.76	-0.46	-5.8	-5.84	-5.54	-5.12	-4.06	-0.8	-0.58	-1.0	100.6	
-5.26	-5.24	-5.26	-5.14	-5.56	-4.33	-0.78	-0.44	-5.39	-5.84	-5.33	-5.35	-4.16	-0.78	-0.64	-1.1	100.7	
-4.97	-5.16	-5.32	-5.2	-5.67	-3.92	-0.86	-0.42	-5.56	-5.88	-5.42	-5.59	-4.14	-0.62	-0.64	-1.04	100.8	
-5.32	-5.28	-5.1	-5.28	-5.56	-4.11	-0.72	-0.52	-5.78	-5.88	-5.52	-5.29	-4.2	-0.74	-0.6	-0.85	100.9	
-5.1	-5.22	-5.1	-5.18	-5.65	-4.01	-0.86	-0.28	-5.5	-5.94	-5.54	-5.62	-4.26	-0.76	-0.82	-1.16	101.0	
-5.03	-5.14	-5.0	-5.3	-5.65	-3.99	-0.86	-0.5	-5.49	-5.88	-5.37	-5.45	-4.32	-0.72	-0.6	-1.0	101.1	
-5.52	-5.16	-5.16	-5.39	-5.52	-4.31	-0.86	-0.67	-5.37	-5.88	-5.52	-5.86	-4.42	-0.78	-0.78	-1.16	101.2	
-5.16	-5.28	-5.1	-5.14	-5.5	-4.44	-0.93	-0.77	-5.49	-5.86	-5.46	-5.51	-4.42	-0.99	-0.66	-1.14	101.3	
-5.05	-5.34	-5.14	-5.37	-5.48	-4.13	-0.97	-0.52	-5.74	-5.84	-5.58	-5.45	-4.42	-0.99	-0.76	-1.34	101.4	
-5.48	-5.08	-5.28	-5.12	-5.56	-4.36	-1.09	-0.96	-5.66	-5.9	-5.68	-5.47	-4.59	-0.78	-0.88	-1.1	101.6	
-5.2	-5.14	-5.12	-5.3	-5.5	-4.38	-1.05	-1.02	-5.52	-6.04	-5.68	-5.64	-4.53	-0.99	-0.78	-1.34	101.7	
-5.28	-5.28	-4.94	-5.47	-5.52	-4.34	-1.15	-0.98	-5.56	-5.88	-5.6	-5.64	-4.65	-0.72	-0.88	-1.24	101.8	
-4.99	-5.22	-5.34	-5.32	-5.44	-4.54	-1.19	-1.1	-5.62	-6.06	-5.66	-5.47	-4.65	-1.07	-1.0	-1.1	101.9	
-5.2	-5.32	-4.98	-5.37	-5.56	-4.38	-1.25	-1.0	-5.37	-6.0	-5.62	-5.8	-4.65	-1.11	-0.96	-1.34	102.1	
-5.08	-5.16	-5.12	-5.32	-5.5	-4.19	-1.3	-1.47	-5.58	-5.92	-5.64	-5.59	-4.75	-0.94	-1.05	-1.45	102.2	
-5.57	-5.1	-5.22	-5.1	-5.54	-4.19	-1.32	-1.31	-5.54	-6.02	-5.64	-5.53	-4.81	-1.03	-1.09	-1.53	102.3	
-5.48	-5.22	-5.2	-5.08	-5.56	-4.38	-1.46	-1.64	-5.64	-6.1	-5.62	-5.64	-4.91	-1.41	-1.03	-1.22	102.4	
-5.22	-5.12	-5.18	-5.3	-5.52	-4.17	-1.42	-1.53	-5.62	-6.08	-5.72	-5.82	-4.91	-0.99	-1.15	-1.49	102.5	
-5.3	-5.12	-5.06	-5.3	-5.63	-4.38	-1.5	-1.45	-5.64	-5.96	-5.89	-5.66	-4.97	-1.15	-1.15	-1.69	102.6	
-5.32	-5.3	-5.28	-5.3	-5.54	-4.34	-1.5	-1.51	-5.86	-6.1	-5.7	-5.64	-4.91	-1.45	-1.29	-1.8	102.7	
-5.16	-5.28	-5.1	-5.49	-5.56	-4.25	-1.67	-1.58	-5.66	-6.2	-5.72	-5.7	-4.97	-1.15	-1.29	-1.57	102.8	
-5.2	-5.22	-5.08	-5.49	-5.63	-4.17	-1.56	-1.74	-5.99	-5.82	-5.7	-5.76	-5.08	-1.27	-1.35	-1.82	102.9	
-5.26	-5.12	-5.18	-5.28	-5.56	-4.5	-1.65	-1.84	-5.54	-5.9	-5.85	-5.59	-5.08	-1.27	-1.41	-2.0	103.0	
-5.18	-5.12	-5.08	-5.37	-5.63	-4.44	-1.75	-1.84	-5.91	-5.74	-5.81	-5.64	-5.08	-1.35	-1.35	-2.02	103.1	
-5.1	-5.22	-5.24	-5.26	-5.71	-4.42	-1.73	-2.03	-5.58	-6.02	-5.76	-5.74	-5.08	-1.53	-1.49	-2.04	103.2	
-5.16	-5.16	-5.02	-5.28	-5.52	-4.48	-1.85	-2.01	-5.51	-6.18	-5.68	-6.03	-5.08	-1.43	-1.56	-1.98	103.3	
-5.01	-5.34	-5.0	-5.43	-5.5	-4.46	-1.91	-1.72	-5.62	-6.06	-5.76	-5.76	-5.18	-1.47	-1.47	-1.88	103.4	
-5.18	-5.16	-5.2	-5.28	-5.63	-4.44	-1.89	-2.28	-5.7	-6.18	-5.76	-5.68	-5.14	-1.45	-1.64	-2.04	103.5	
-5.04	-5.22	-5.12	-5.2	-5.5	-4.52	-1.89	-2.2	-5.64	-6.02	-5.93	-5.57	-5.2	-1.61	-1.56	-2.15	103.6	
-5.26	-5.2	-5.43	-5.49	-5.71	-4.29	-1.98	-2.32	-5.54	-6.12	-5.81	-5.96	-5.18	-1.75	-1.8	-2.15	103.7	
-5.34	-5.22	-5.2	-5.35	-5.65	-4.5	-1.95	-2.51	-5.68	-6.16	-5.81	-5.92	-5.18	-1.61	-1.72	-2.08	103.8	
-5.28	-5.24	-5.18	-5.51	-5.56	-4.56	-2.12	-2.42	-5.51	-6.1	-6.01	-5.82	-5.34	-1.73	-1.8	-2.54	103.9	
-4.95	-5.22	-5.26	-5.41	-5.57	-4.66	-2.08	-2.36	-5.7	-6.04	-5.87	-5.76	-5.34	-1.71	-1.94	-2.39	104.0	
-5.22	-5.22	-5.14	-5.43	-5.54	-4.75	-2.12	-2.42	-5.51	-5.92	-6.03	-5.8	-5.3	-1.77	-1.94	-2.35	104.1	
-5.3	-5.2	-5.3	-5.3	-5.69	-4.5	-2.16	-2.3	-5.64	-6.0	-5.91	-5.8	-5.3	-1.79	-1.94	-2.58	104.2	
-5.18	-5.34	-5.2	-5.49	-5.71	-4.23	-2.22	-2.59	-5.68	-5.96	-5.87	-6.05	-5.4	-1.99	-1.88	-2.41	104.3	
-5.12	-5.32	-5.3	-5.43	-5.67	-4.52	-2.39	-2.51	-5.78	-6.06	-5.89	-5.86	-5.4	-1.97	-1.92	-2.41	104.4	
-5.28	-5.22	-5.28	-5.32	-5.52	-4.75	-2.45	-2.67	-5.8	-6.14	-5.97	-5.72	-5.46	-1.89	-2.17	-2.76	104.5	
-5.16	-5.24	-5.22	-5.28	-5.59	-4.68	-2.35	-2.76	-5.58	-6.02	-6.09	-5.76	-5.5	-2.07	-2.31	-2.82	104.6	
-5.2	-5.16	-5.3	-5.51	-5.61	-4.66	-2.35	-2.76	-5.52	-6.16	-5.87	-5.84	-5.4	-2.23	-2.23	-2.43	104.7	
-5.34	-5.24	-5.18	-5.26	-5.65	-4.58	-2.49	-2.53	-5.91	-6.18	-5.97	-6.09	-5.46	-2.23	-2.13	-2.82	104.8	
-5.1	-5.16	-5.16	-5.65	-5.61	-4.68	-2.49	-2.84	-5.82	-6.18	-5.93	-5.96	-5.46	-2.11	-2.17	-2.51	104.9	
-5.38	-5.26	-5.22	-5.43	-5.63	-4.64	-2.55	-2.98	-5.64	-6.04	-6.01	-5.9	-5.57	-2.21	-2.33	-2.62	105.0	
-5.34	-5.34	-5.34	-5.45	-5.61	-4.6	-2.59	-3.0	-5.82	-6.06	-5.83	-5.94	-5.57	-2.46	-2.39	-2.91	105.1	
-5.38	-5.18	-5.32	-5.37	-5.65	-4.66	-2.72	-3.11	-5.76	-6.06	-5.89	-6.19	-5.52	-2.37	-2.29	-2.84	105.2	
-5.44	-5.22	-5.51	-5.2	-5.73	-4.46	-2.84	-3.0	-5.66	-6.14	-5.93	-5.92	-5.63	-2.66	-2.5	-2.89	105.3	
-5.28	-5.22	-5.14	-5.26	-5.65	-4.71	-2.82	-3.21	-5.6	-6.22	-5.91	-6.05	-5.57	-2.54	-2.5	-2.91	105.4	
-5.08	-5.28	-5.06	-5.45	-5.61	-4.75	-2.78	-3.25	-5.78	-6.24	-5.95	-5.78	-5.63	-2.48	-2.6	-2.91	105.5	
-5.12	-5.22	-5.08	-5.16	-5.71	-4.64	-2.88	-3.21	-5.8	-6.0	-6.03	-5.82	-5.69	-2.74	-2.56	-3.15	105.6	
-5.34	-5.2	-5.28	-5.55	-5.77	-4.66	-2.88	-2.96	-5.8	-6.08	-5.89	-5.92	-5.63	-2.52	-2.64	-3.05	105.7	
-5.1	-5.12	-5.24	-5.26	-5.56	-5.1	-2.99	-3.42	-5.56	-6.08	-5.93	-6.05	-5.63	-2.94	-2.62	-3.38	105.8	
-5.22	-5.24	-5.18	-5.45	-5.75	-4.75	-2.95	-3.21	-5.68	-6.06	-5.83	-5.94	-5.67	-2.78	-2.74	-3.15	105.9	
-5.05	-5.28	-5.16	-5.34	-5.58	-4.62	-2.99	-3.19	-5.8	-6.04	-5.87	-5.7	-5.69	-2.92	-2.72	-3.09	106.0	
-5.32	-5.18	-5.08	-5.39	-5.69	-4.95	-2.95	-3.52	-5.6	-6.14	-5.91	-5.9	-5.67	-2.86	-2.89	-3.22	106.1	
-4.97	-5.22	-5.16	-5.51	-5.71	-4.85	-3.03	-3.55	-5.56	-6.18	-6.03	-5.96	-5.69	-3.1	-2.87	-3.07	106.2	
-5.05	-5.34	-5.24	-5.37	-5.63	-4.66	-3.09	-3.3	-5.76	-6.2	-5.97	-6.01	-5.79	-2.78	-2.95	-3.42	106.3	
-5.24	-5.26	-5.26	-5.43	-5.59	-4.93	-3.21	-3.57	-5.56	-6.16	-5.85	-5.86	-5.73	-2.98	-2.95	-3.42	106.4	
-5.38	-5.24	-5.28	-5.2	-5.5	-5.03	-3.17	-3.71	-5.88	-5.8	-5.85	-5.8	-5.69	-3.29	-3.05	-3.36	106.5	
-5.34	-5.18	-5.18	-5.39	-5.63	-4.97	-3.34	-3.71	-5.74	-6.14	-6.05	-6.07	-5.67	-3.1	-3.07	-3.55	106.6	
-5.24	-5.22	-5.24	-5.51	-5.52	-5.03	-3.32	-3.67	-5.78	-6.12	-6.01	-6.05	-5.73	-3.08	-3.11	-3.51	106.7	
-4.95	-5.28	-5.26	-5.43	-5.67	-4.91	-3.34	-3.38	-5.68	-6.2	-6.01	-5.9	-5.79	-3.16	-3.15	-3.63	106.8	
-5.24	-5.26	-5.3	-5.37	-5.63	-4.87	-3.32	-3.82	-5.7	-6.14	-6.01	-5.9	-5.85	-3.23	-3.2	-3.73	106.9	
-5.26	-5.16	-5.0	-5.33	-5.69	-4.99	-3.44	-3.63	-5.84	-6.06	-6.13	-5.9	-5.83	-3.29	-3.26	-3.73	107.0	
-5.32	-5.16	-5.2	-5.33	-5.61	-4.97	-3.38	-3.96	-5.64	-6.26	-6.09	-5.66	-5.83	-3.33	-3.55	-3.82	107.4	
-5.03	-5.16	-5.28	-5.39	-5.52	-5.08	-3.61	-3.92	-5.8	-6.16	-5.91	-6.01	-5.89	-3.55	-3.36	-4.04	107.6	
-5.3	-5.16	-5.04	-5.43	-5.63	-4.95	-3.61	-4.09	-5.86	-5.86	-5.76	-5.94	-5.89	-3.53	-3.61	-3.92	107.7	
-4.91	-5.28	-5.02	-5.43	-5.67	-4.95	-3.55	-3.92	-5.51	-6.1	-5.78	-5.86	-5.83	-3.37	-3.52	-3.92	107.8	
-5.1	-5.12	-5.08	-5.22	-5.56	-4.99	-3.61	-4.05	-5.64	-6.02	-5.91	-5.82	-5.89	-3.55	-3.65	-3.88	107.9	
-5.3	-5.16	-5.18	-5.14	-5.59	-5.18	-3.65	-3.98	-5.78	-5.86	-5.74	-5.88	-5.95	-3.67	-3.63	-3.77	108.0	
-5.32	-5.22	-5.2	-5.2	-5.69	-4.95	-3.71	-4.21	-5.82	-5.76	-5.78	-5.68	-5.83	-3.73	-3.5	-3.88	108.1	
-5.26	-5.12	-4.75	-5.47	-5.5	-5.12	-3.78	-4.38	-5.62	-6.12	-5.66	-5.96	-5.85	-3.65	-3.46	-4.06	108.2	
-5.22	-5.12	-5.0	-5.2	-5.57	-5.01	-3.75	-4.05	-5.7	-6.06	-5.7	-5.96	-5.79	-3.92	-3.67	-4.02	108.3	
-5.18	-5.18	-4.94	-5.22	-5.63	-5.08	-3.82	-4.05	-5.51	-6.06	-5.89	-5.74	-5.83	-3.88	-3.61	-3.88	108.4	
-5.51	-5.1	-4.98	-5.39	-5.77	-5.24	-3.75	-4.23	-5.58	-5.76	-5.85	-5.7	-5.96	-3.75	-3.83	-4.23	108.7	
-5.26	-5.16	-5.14	-5.26	-5.57	-5.26	-3.82	-4.42	-5.82	-6.12	-5.93	-6.07	-5.89	-4.0	-3.71	-4.04	108.9	
-5.08	-5.2	-5.06	-5.37	-5.67	-4.99	-3.94	-4.19	-5.56	-6.18	-5.78	-6.01	-5.89	-4.22	-3.87	-4.29	109.0	
-5.2	-5.08	-4.86	-5.33	-5.65	-5.12	-3.94	-4.15	-5.66	-5.96	-5.97	-5.82	-5.95	-4.1	-3.79	-4.23	109.1	
-5.22	-5.12	-4.88	-5.2	-5.5	-5.34	-3.92	-4.17	-5.82	-5.88	-5.74	-6.03	-5.89	-4.0	-3.92	-4.23	109.2	
-5.14	-5.06	-5.12	-5.14	-5.69	-4.71	-4.05	-4.34	-5.7	-6.02	-5.87	-5.74	-5.95	-4.12	-3.79	-4.31	109.3	
-5.04	-5.12	-5.08	-5.18	-5.73	-5.12	-4.05	-4.51	-5.68	-6.0	-5.91	-5.7	-6.02	-4.14	-3.75	-4.06	109.4	
-5.22	-5.12	-5.1	-5.37	-5.63	-5.26	-3.98	-4.4	-5.64	-6.0	-5.97	-6.13	-6.02	-4.32	-3.88	-4.25	109.5	
-5.14	-5.16	-5.04	-5.43	-5.69	-5.16	-4.05	-4.32	-5.68	-5.86	-5.87	-5.78	-5.96	-4.26	-4.0	-4.19	109.6	
-5.2	-5.12	-4.98	-5.26	-5.73	-4.97	-4.21	-4.36	-5.64	-5.94	-5.72	-5.76	-6.02	-4.34	-4.0	-4.4	110.0	
-5.08	-5.18	-5.02	-5.33	-5.61	-5.37	-4.21	-4.32	-5.68	-5.84	-5.72	-5.86	-6.0	-4.02	-4.1	-4.52	110.1	
-5.01	-5.06	-4.9	-5.26	-5.48	-5.37	-4.15	-4.86	-5.88	-5.92	-5.66	-5.86	-6.02	-4.2	-4.16	-4.58	110.2	
-5.14	-5.18	-4.98	-5.1	-5.67	-5.12	-4.19	-4.69	-5.62	-5.82	-5.87	-5.6	-5.95	-4.28	-4.2	-4.4	110.3	
-5.14	-4.99	-4.78	-5.12	-5.5	-5.37	-4.09	-4.59	-5.62	-5.74	-5.58	-5.94	-6.0	-4.49	-4.31	-4.64	110.4	
-5.26	-4.95	-5.12	-5.02	-5.57	-5.34	-4.15	-4.67	-5.53	-5.8	-5.54	-5.72	-5.96	-4.51	-4.12	-4.79	110.5	
-5.18	-5.06	-4.96	-5.28	-5.61	-5.24	-4.21	-4.59	-5.74	-5.76	-5.64	-5.8	-6.0	-4.37	-4.1	-4.5	110.6	
-5.16	-5.06	-5.1	-5.24	-5.59	-5.34	-4.32	-4.36	-5.64	-5.66	-5.93	-5.49	-6.0	-4.3	-4.37	-4.73	110.7	
-5.3	-5.12	-5.2	-5.31	-5.75	-5.16	-4.27	-4.46	-5.74	-5.88	-5.87	-5.76	-6.06	-4.55	-4.33	-4.73	110.8	
-5.3	-5.16	-4.92	-5.14	-5.59	-5.2	-4.25	-4.69	-5.37	-6.08	-5.81	-5.84	-6.0	-4.37	-4.35	-4.73	110.9	
-5.04	-5.22	-5.1	-5.22	-5.69	-5.26	-4.32	-4.61	-5.66	-5.84	-5.85	-5.8	-6.0	-4.34	-4.25	-4.69	111.0	
-4.83	-5.0	-5.02	-5.35	-5.61	-5.41	-4.32	-4.67	-5.39	-5.88	-5.66	-5.88	-6.12	-4.3	-4.23	-4.54	111.1	
-5.24	-5.12	-4.98	-5.2	-5.46	-5.28	-4.36	-4.63	-5.68	-5.56	-5.7	-5.58	-6.0	-4.73	-4.21	-4.71	111.2	
-5.12	-5.08	-5.31	-5.18	-5.71	-5.18	-4.38	-4.78	-5.7	-5.66	-5.74	-5.86	-5.96	-4.86	-4.37	-4.73	111.3	
-5.18	-5.12	-5.06	-5.2	-5.5	-5.26	-4.38	-4.61	-5.31	-6.02	-5.79	-5.72	-6.12	-4.71	-4.35	-4.94	111.4	
-5.2	-5.04	-4.94	-5.26	-5.57	-5.32	-4.48	-4.76	-5.74	-5.84	-5.87	-5.92	-6.16	-4.61	-4.51	-4.62	111.8	
-5.04	-5.12	-5.0	-5.16	-5.67	-5.28	-4.48	-4.8	-5.68	-5.84	-5.93	-6.09	-6.06	-4.73	-4.43	-4.98	111.9	
-5.2	-5.06	-5.02	-5.35	-5.61	-5.34	-4.52	-4.82	-5.78	-6.04	-5.97	-5.9	-6.06	-4.61	-4.45	-4.75	112.0	
-5.18	-5.1	-5.04	-5.08	-5.63	-5.3	-4.42	-4.97	-5.43	-6.02	-5.7	-5.82	-6.16	-4.61	-4.47	-5.06	112.4	
-5.01	-5.12	-4.9	-5.2	-5.71	-5.3	-4.59	-4.94	-5.74	-5.96	-5.95	-5.74	-6.18	-4.67	-4.72	-4.89	112.7	
-5.14	-5.12	-4.98	-5.24	-5.65	-5.47	-4.54	-4.78	-5.58	-5.88	-5.72	-5.9	-6.12	-4.71	-4.64	-5.12	112.8	
-5.06	-5.16	-4.94	-5.32	-5.67	-5.43	-4.59	-4.92	-5.82	-5.82	-5.85	-5.94	-6.12	-4.88	-4.68	-5.04	112.9	
-5.12	-5.08	-5.2	-5.08	-5.67	-5.1	-4.69	-4.73	-5.66	-6.04	-5.87	-5.8	-6.16	-4.67	-4.72	-5.25	113.0	
-5.26	-5.1	-4.98	-5.26	-5.73	-5.47	-4.59	-4.97	-5.5	-5.48	-5.74	-5.55	-6.16	-4.79	-4.82	-5.06	113.1	
-5.12	-5.12	-4.92	-5.26	-5.5	-5.67	-4.65	-4.99	-5.49	-6.0	-5.97	-5.74	-6.16	-4.9	-4.82	-5.1	113.3	
-5.2	-5.12	-5.16	-5.18	-5.52	-5.36	-4.65	-4.99	-5.64	-5.78	-5.74	-6.11	-6.12	-4.9	-4.76	-5.06	113.4	
-5.53	-5.05	-4.92	-5.1	-5.61	-5.36	-4.75	-5.05	-5.68	-5.86	-5.91	-5.72	-6.12	-4.94	-4.76	-5.35	113.5	
-5.2	-5.18	-4.9	-5.14	-5.56	-5.14	-4.71	-4.99	-5.64	-5.86	-5.7	-5.88	-6.16	-4.67	-4.82	-5.25	113.6	
-5.03	-5.12	-5.08	-5.26	-5.58	-5.67	-4.65	-5.05	-5.54	-5.54	-5.74	-6.01	-6.12	-4.79	-4.78	-5.0	113.7	
-5.08	-5.18	-4.98	-5.37	-5.63	-5.51	-4.65	-5.13	-5.76	-5.86	-5.87	-5.82	-6.16	-4.98	-4.72	-5.02	113.8	
-5.26	-5.06	-5.0	-5.24	-5.71	-5.36	-4.75	-5.2	-5.7	-5.7	-5.74	-5.64	-6.12	-4.83	-4.8	-5.14	113.9	
-5.16	-5.18	-5.14	-5.04	-5.56	-5.36	-4.88	-4.99	-5.6	-5.7	-5.87	-6.09	-6.12	-5.3	-4.82	-5.25	114.2	
-5.03	-5.08	-4.98	-4.96	-5.69	-5.08	-4.81	-5.34	-5.76	-5.8	-6.01	-5.64	-6.22	-4.96	-4.97	-5.1	114.3	
-5.38	-5.12	-5.14	-5.32	-5.69	-5.43	-4.81	-5.17	-5.76	-5.62	-5.81	-5.84	-6.18	-4.81	-4.99	-5.5	114.4	
-5.18	-5.16	-5.16	-5.2	-5.69	-5.22	-4.86	-5.17	-5.76	-5.86	-5.97	-5.88	-6.22	-5.14	-4.91	-5.35	114.6	
-5.03	-5.05	-4.94	-5.02	-5.65	-5.53	-4.79	-5.17	-5.7	-5.66	-5.8	-5.66	-6.22	-5.1	-4.91	-5.18	114.8	
-5.16	-5.12	-5.1	-5.2	-5.61	-5.36	-4.75	-5.17	-5.62	-5.7	-5.93	-5.94	-6.22	-5.0	-4.99	-5.31	114.9	
-4.99	-5.01	-4.94	-5.24	-5.63	-5.43	-4.86	-5.36	-5.6	-5.7	-5.97	-5.98	-6.22	-5.14	-4.97	-5.45	115.0	
-5.28	-5.08	-5.06	-5.24	-5.61	-5.65	-4.86	-5.22	-5.64	-5.8	-5.91	-5.96	-6.22	-5.3	-4.87	-5.33	115.1	
-5.12	-5.24	-5.06	-5.16	-5.59	-5.53	-4.92	-5.3	-5.58	-5.8	-5.89	-5.82	-6.22	-5.04	-5.07	-5.52	115.2	
-5.3	-5.05	-5.14	-5.2	-5.63	-5.2	-4.98	-5.32	-5.56	-5.94	-5.76	-5.76	-6.34	-5.12	-4.91	-5.41	115.3	
-4.87	-5.22	-5.12	-5.37	-5.69	-5.41	-4.86	-5.09	-5.58	-5.88	-6.01	-5.88	-6.16	-5.18	-5.05	-5.41	115.4	
-5.16	-5.08	-4.98	-5.18	-5.5	-5.69	-4.96	-5.11	-5.74	-5.88	-6.07	-5.84	-6.28	-5.22	-5.11	-5.52	115.5	
-5.16	-5.14	-5.16	-5.32	-5.69	-5.39	-4.88	-5.41	-5.66	-5.98	-5.95	-6.13	-6.22	-5.26	-5.18	-5.66	115.6	
-5.28	-5.14	-5.0	-5.3	-5.61	-5.49	-4.92	-5.24	-5.66	-5.84	-6.11	-5.57	-6.28	-5.26	-5.09	-5.46	115.7	
-5.03	-5.06	-4.94	-5.2	-5.65	-5.49	-4.92	-5.36	-5.86	-5.8	-6.03	-5.8	-6.32	-5.26	-5.09	-5.62	115.8	
-5.14	-5.16	-5.24	-5.22	-5.56	-5.43	-5.02	-5.32	-5.5	-5.84	-5.68	-6.07	-6.22	-5.28	-5.05	-5.48	115.9	
-5.24	-5.12	-5.14	-5.24	-5.63	-5.61	-5.04	-5.07	-5.72	-5.92	-5.78	-6.15	-6.22	-5.18	-5.05	-5.41	116.0	
-5.34	-5.16	-5.06	-5.3	-5.63	-5.49	-4.94	-5.38	-5.74	-5.96	-6.05	-5.8	-6.28	-5.28	-5.11	-5.43	116.1	
-5.22	-5.12	-5.0	-5.14	-5.61	-5.53	-4.98	-5.34	-5.66	-5.72	-5.95	-6.03	-6.32	-5.24	-5.11	-5.43	116.2	
